period,Contributory pensioners share,Moratorium pensioners share,Universal pensioners share,Retirement coverage for legal age,Retirement coverage 65+,All coverage legal age,All coverage 65+,Contributory retirement coverage legal age,Contributory retirement coverage 65+,Survivors benefit coverage legal age,Survivors benefit coverage 65+,Moratorium benefit coverage legal age,Moratorium benefit coverage 65+,PUAM coverage legal age,PUAM coverage 65+,Mean contributory retirement pension,Mean survivors benefit,Mean moratorium pension,Mean universal pension,Mean retirement pension,Mean pension benefit,Median pension benefit,Median pension to labour income ratio,Mean pension to labour income ratio,Mean family benefit,Mean child benefits,Mean contributory child benefits,Mean AUH benefits,Child benefit coverage,Contributory child benefit coverage,AUH coverage,"Gini, retirement age","Gini, retirement age, non labour income","Gini, 65+","Gini, 65+, non labour income","Gini, retirement age, has income","Gini, retirement age, (has) non labour income","Gini, 65+, has income","Gini, 65+, (has) non labour income"
51,0.854481648620842,0.14551835137915803,0.0,0.9953156564146461,0.9946648366549331,0.9967206747277243,0.9963629205115039,0.8420240009249087,0.9007870243541155,0.028242747525556014,0.02539485439980617,0.15329165548973744,0.09387781230081758,0.0,0.0,4833.1614287494913,3735.7053629208031,2684.2317987970882,nan,4520.4527317689935,4504.214139575005,3438.7937535690698,0.5845807342682481,0.657238001394299,532.7751025455533,543.27907287290918,371.6611661303437,834.11749926376058,0.5856504102058261,0.3413582566246015,0.24429215358122452,0.28218170782819213,0.24776023904740088,0.26580584957670733,0.24500017355043863,0.28209952650441478,0.24764754786785542,0.26430972073289771,0.24313746987573231
period,Contributory pensioners share,Moratorium pensioners share,Universal pensioners share,Retirement coverage for legal age,Retirement coverage 65+,All coverage legal age,All coverage 65+,Contributory retirement coverage legal age,Contributory retirement coverage 65+,Survivors benefit coverage legal age,Survivors benefit coverage 65+,Moratorium benefit coverage legal age,Moratorium benefit coverage 65+,PUAM coverage legal age,PUAM coverage 65+,Mean contributory retirement pension,Mean survivors benefit,Mean moratorium pension,Mean universal pension,Mean retirement pension,Mean pension benefit,Median pension benefit,Median pension to labour income ratio,Mean pension to labour income ratio,Mean family benefit,Mean child benefits,Mean contributory child benefits,Mean AUH benefits,Child benefit coverage,Contributory child benefit coverage,AUH coverage,"Gini, retirement age","Gini, retirement age, non labour income","Gini, 65+","Gini, 65+, non labour income","Gini, retirement age, has income","Gini, retirement age, (has) non labour income","Gini, 65+, has income","Gini, 65+, (has) non labour income"
52,0.8479530501639542,0.15204694983604586,0.0,0.9953290890985482,0.9946844551000702,0.9967300784230323,0.9963762947682584,0.835833524760229,0.896716857224368,0.03264441420104566,0.029988149578651684,0.15949556433831932,0.09796759787570225,0.0,0.0,5207.8765672067748,4048.3731516617677,2881.0787738982826,nan,4854.0940598489778,4856.4155596509408,3702.7293308812982,0.6307530110421017,0.7108072238548961,502.37646303301574,513.3326869704772,345.32529672076771,797.63546718724638,0.5785618311979208,0.3370345640300555,0.2415272671678653,0.28049910088710595,0.25046854788361722,0.26320835541750104,0.24648688389114343,0.28043474082982683,0.25035658446364351,0.26139727496950033,0.24463470100887119
period,Contributory pensioners share,Moratorium pensioners share,Universal pensioners share,Retirement coverage for legal age,Retirement coverage 65+,All coverage legal age,All coverage 65+,Contributory retirement coverage legal age,Contributory retirement coverage 65+,Survivors benefit coverage legal age,Survivors benefit coverage 65+,Moratorium benefit coverage legal age,Moratorium benefit coverage 65+,PUAM coverage legal age,PUAM coverage 65+,Mean contributory retirement pension,Mean survivors benefit,Mean moratorium pension,Mean universal pension,Mean retirement pension,Mean pension benefit,Median pension benefit,Median pension to labour income ratio,Mean pension to labour income ratio,Mean family benefit,Mean child benefits,Mean contributory child benefits,Mean AUH benefits,Child benefit coverage,Contributory child benefit coverage,AUH coverage,"Gini, retirement age","Gini, retirement age, non labour income","Gini, 65+","Gini, 65+, non labour income","Gini, retirement age, has income","Gini, retirement age, (has) non labour income","Gini, 65+, has income","Gini, 65+, (has) non labour income"
53,0.8393733170266673,0.16062668297333266,0.0,0.995416590290605,0.9947540544235551,0.9968079976311671,0.996423741913826,0.827449697550796,0.8876808602511502,0.03746224672522948,0.035947688088569914,0.16796689273980908,0.10707319417240488,0.0,0.0,4536.8294494937045,3553.3620874305989,2544.3077322792137,nan,4216.7772953052117,4237.0829584638959,3214.3499546055768,0.5782968791402331,0.6578227960112449,559.76213875795293,575.27733623305846,409.84611719173103,831.01259445473272,0.5283181940167129,0.29882072601306225,0.22949746800365062,0.28616828022515262,0.24933321502595915,0.27082403431293028,0.24652055286165306,0.28614452564020132,0.24926356223256207,0.26905519896828795,0.24469276212213673
period,Contributory pensioners share,Moratorium pensioners share,Universal pensioners share,Retirement coverage for legal age,Retirement coverage 65+,All coverage legal age,All coverage 65+,Contributory retirement coverage legal age,Contributory retirement coverage 65+,Survivors benefit coverage legal age,Survivors benefit coverage 65+,Moratorium benefit coverage legal age,Moratorium benefit coverage 65+,PUAM coverage legal age,PUAM coverage 65+,Mean contributory retirement pension,Mean survivors benefit,Mean moratorium pension,Mean universal pension,Mean retirement pension,Mean pension benefit,Median pension benefit,Median pension to labour income ratio,Mean pension to labour income ratio,Mean family benefit,Mean child benefits,Mean contributory child benefits,Mean AUH benefits,Child benefit coverage,Contributory child benefit coverage,AUH coverage,"Gini, retirement age","Gini, retirement age, non labour income","Gini, 65+","Gini, 65+, non labour income","Gini, retirement age, has income","Gini, retirement age, (has) non labour income","Gini, 65+, has income","Gini, 65+, (has) non labour income"
54,0.8300684039902193,0.16993159600978067,0.0,0.9955015000124384,0.994859436082517,0.9967148707373051,0.9963138575102557,0.8187890498672727,0.8828271057784187,0.03978044726169815,0.03815502571119566,0.17671245014516565,0.11203233030409838,0.0,0.0,4658.0720039499956,3617.4808676805724,2601.9307105673797,nan,4308.6686323438716,4334.1571001371694,3261.3417237083281,0.5976881397282702,0.6930078569334038,517.24692639526006,528.17905658381903,432.10261976040482,702.94449182960682,0.5674496479682333,0.3380449908732505,0.22940465709498273,0.28498743618259437,0.25316800793392813,0.2687989431261335,0.24998889410452405,0.28496385238540695,0.25309932284296555,0.26704285689333085,0.24818763278914835
period,Contributory pensioners share,Moratorium pensioners share,Universal pensioners share,Retirement coverage for legal age,Retirement coverage 65+,All coverage legal age,All coverage 65+,Contributory retirement coverage legal age,Contributory retirement coverage 65+,Survivors benefit coverage legal age,Survivors benefit coverage 65+,Moratorium benefit coverage legal age,Moratorium benefit coverage 65+,PUAM coverage legal age,PUAM coverage 65+,Mean contributory retirement pension,Mean survivors benefit,Mean moratorium pension,Mean universal pension,Mean retirement pension,Mean pension benefit,Median pension benefit,Median pension to labour income ratio,Mean pension to labour income ratio,Mean family benefit,Mean child benefits,Mean contributory child benefits,Mean AUH benefits,Child benefit coverage,Contributory child benefit coverage,AUH coverage,"Gini, retirement age","Gini, retirement age, non labour income","Gini, 65+","Gini, 65+, non labour income","Gini, retirement age, has income","Gini, retirement age, (has) non labour income","Gini, 65+, has income","Gini, 65+, (has) non labour income"
55,0.8188661186215929,0.1811338813784071,0.0,0.9957662281886633,0.9951275489506257,0.9969690294604573,0.9965710287844709,0.808148902419595,0.8757044487509793,0.04434349521691846,0.043622618973197365,0.18761732576906825,0.11942310019964646,0.0,0.0,4431.1698197149026,3425.4934032429146,2464.2712344983565,nan,4074.8978446969318,4112.9839113005455,3085.8031420223879,0.5645728780816974,0.6536587838260054,492.89615923060148,512.41972055705139,410.6673821215623,678.2826321236879,0.4993055262123026,0.2770483801185038,0.22228475395433997,0.29557951487126349,0.25698863563989194,0.27897766989228928,0.2539564335621291,0.29555648283811792,0.2569464292623575,0.27742527056782457,0.25235016218855183
period,Contributory pensioners share,Moratorium pensioners share,Universal pensioners share,Retirement coverage for legal age,Retirement coverage 65+,All coverage legal age,All coverage 65+,Contributory retirement coverage legal age,Contributory retirement coverage 65+,Survivors benefit coverage legal age,Survivors benefit coverage 65+,Moratorium benefit coverage legal age,Moratorium benefit coverage 65+,PUAM coverage legal age,PUAM coverage 65+,Mean contributory retirement pension,Mean survivors benefit,Mean moratorium pension,Mean universal pension,Mean retirement pension,Mean pension benefit,Median pension benefit,Median pension to labour income ratio,Mean pension to labour income ratio,Mean family benefit,Mean child benefits,Mean contributory child benefits,Mean AUH benefits,Child benefit coverage,Contributory child benefit coverage,AUH coverage,"Gini, retirement age","Gini, retirement age, non labour income","Gini, 65+","Gini, 65+, non labour income","Gini, retirement age, has income","Gini, retirement age, (has) non labour income","Gini, 65+, has income","Gini, 65+, (has) non labour income"
56,0.8080492935023245,0.1885083601935806,0.0034423463040949187,0.9959032032933076,0.9953921992402193,0.9968680954896112,0.9965512653414081,0.7977412926194013,0.8691284630492242,0.04879566189758642,0.0477507431990092,0.19460817579443113,0.1219948513899857,0.0035537348794752663,0.004268884801009334,4837.0816184754995,3730.8859396775078,2673.9848201104737,2678.5317426016841,4421.8893118883052,4479.1284624560003,3361.4223450165755,0.5916995627564653,0.7006398135691734,559.98463906599557,564.29257260814848,512.10393569414452,748.21185389560583,0.7739258590351279,0.5564040639801043,0.21755365584340514,0.29306145974600956,0.25955349801151134,0.27837126761754755,0.2564654867956182,0.29297613581899556,0.25944637606215348,0.27713483097679253,0.25487209479776657
period,Contributory pensioners share,Moratorium pensioners share,Universal pensioners share,Retirement coverage for legal age,Retirement coverage 65+,All coverage legal age,All coverage 65+,Contributory retirement coverage legal age,Contributory retirement coverage 65+,Survivors benefit coverage legal age,Survivors benefit coverage 65+,Moratorium benefit coverage legal age,Moratorium benefit coverage 65+,PUAM coverage legal age,PUAM coverage 65+,Mean contributory retirement pension,Mean survivors benefit,Mean moratorium pension,Mean universal pension,Mean retirement pension,Mean pension benefit,Median pension benefit,Median pension to labour income ratio,Mean pension to labour income ratio,Mean family benefit,Mean child benefits,Mean contributory child benefits,Mean AUH benefits,Child benefit coverage,Contributory child benefit coverage,AUH coverage,"Gini, retirement age","Gini, retirement age, non labour income","Gini, 65+","Gini, 65+, non labour income","Gini, retirement age, has income","Gini, retirement age, (has) non labour income","Gini, 65+, has income","Gini, 65+, (has) non labour income"
57,0.7992783198630533,0.1946468114126186,0.006074868724328143,0.9959847599283748,0.9954792498986479,0.9969430106255829,0.9966325730468183,0.7896491959669193,0.8659286540205102,0.053384578676158326,0.05350734395475232,0.20009079028593194,0.12203456478517792,0.006244773675523508,0.007516031092959756,4618.4746202115839,3511.8420693126345,2547.814960125289,2552.6812195698831,4202.8778961345679,4264.0988183994914,3195.9396950456189,0.5640727742204141,0.6662577097327795,665.10627501744932,673.66949002421154,608.87703987312648,870.95003490437784,0.723325018888867,0.4863270130791321,0.2369980058097349,0.29584423389609044,0.26168662664405712,0.28297615586407876,0.25836012601887631,0.29575983089172697,0.26158054861694413,0.28175370681986522,0.25677868585659502
period,Contributory pensioners share,Moratorium pensioners share,Universal pensioners share,Retirement coverage for legal age,Retirement coverage 65+,All coverage legal age,All coverage 65+,Contributory retirement coverage legal age,Contributory retirement coverage 65+,Survivors benefit coverage legal age,Survivors benefit coverage 65+,Moratorium benefit coverage legal age,Moratorium benefit coverage 65+,PUAM coverage legal age,PUAM coverage 65+,Mean contributory retirement pension,Mean survivors benefit,Mean moratorium pension,Mean universal pension,Mean retirement pension,Mean pension benefit,Median pension benefit,Median pension to labour income ratio,Mean pension to labour income ratio,Mean family benefit,Mean child benefits,Mean contributory child benefits,Mean AUH benefits,Child benefit coverage,Contributory child benefit coverage,AUH coverage,"Gini, retirement age","Gini, retirement age, non labour income","Gini, 65+","Gini, 65+, non labour income","Gini, retirement age, has income","Gini, retirement age, (has) non labour income","Gini, 65+, has income","Gini, 65+, (has) non labour income"
58,0.7921094246250588,0.19857119696804595,0.00931937840689525,0.9956036382782907,0.9950171377978486,0.9965984969963861,0.9962148845408813,0.7828684132085036,0.8603161422731911,0.05758812305134972,0.05728261453248585,0.20319866931527175,0.12321958777604165,0.009536555754515211,0.011481407748615944,4934.2733907115689,3724.6464573283797,2699.9119508832359,2704.9587994963481,4469.8177388820632,4546.625686298793,3398.784243178844,0.5909224826468502,0.7074596423683424,559.6849683974624,566.14666408126664,507.5800283349904,763.53188650821744,0.7743967735987142,0.5473534879809187,0.22707841538375548,0.29466767879041206,0.2646595432391024,0.28261801610866338,0.26154582335861742,0.29458364821412425,0.26455453400588863,0.28140202670502662,0.25998028277701585
period,Contributory pensioners share,Moratorium pensioners share,Universal pensioners share,Retirement coverage for legal age,Retirement coverage 65+,All coverage legal age,All coverage 65+,Contributory retirement coverage legal age,Contributory retirement coverage 65+,Survivors benefit coverage legal age,Survivors benefit coverage 65+,Moratorium benefit coverage legal age,Moratorium benefit coverage 65+,PUAM coverage legal age,PUAM coverage 65+,Mean contributory retirement pension,Mean survivors benefit,Mean moratorium pension,Mean universal pension,Mean retirement pension,Mean pension benefit,Median pension benefit,Median pension to labour income ratio,Mean pension to labour income ratio,Mean family benefit,Mean child benefits,Mean contributory child benefits,Mean AUH benefits,Child benefit coverage,Contributory child benefit coverage,AUH coverage,"Gini, retirement age","Gini, retirement age, non labour income","Gini, 65+","Gini, 65+, non labour income","Gini, retirement age, has income","Gini, retirement age, (has) non labour income","Gini, 65+, has income","Gini, 65+, (has) non labour income"
59,0.7844632887494088,0.2023296950580514,0.013207016192539745,0.9956236175748371,0.9950439572786381,0.9966139551505405,0.9962352573361188,0.7756227512325073,0.8537166249537956,0.061570949375827425,0.0619593271010993,0.20652030895933335,0.12511125693880176,0.013480557382996408,0.016216075386040817,4733.1336505607014,3572.6420347901462,2586.4802385173566,2591.2154905076868,4270.513572483731,4357.2116360214568,3249.7851324430085,0.5516879284052104,0.6582122555277644,525.13141764948318,533.94931495725598,468.42673729287492,723.35736940515756,0.7355580016182788,0.5024608866842013,0.23340743567263297,0.30040185831385391,0.26633716342230329,0.28583844260214625,0.26294573959550344,0.30031888970352355,0.26623286995336526,0.28492416125181402,0.26169085726294183
period,Contributory pensioners share,Moratorium pensioners share,Universal pensioners share,Retirement coverage for legal age,Retirement coverage 65+,All coverage legal age,All coverage 65+,Contributory retirement coverage legal age,Contributory retirement coverage 65+,Survivors benefit coverage legal age,Survivors benefit coverage 65+,Moratorium benefit coverage legal age,Moratorium benefit coverage 65+,PUAM coverage legal age,PUAM coverage 65+,Mean contributory retirement pension,Mean survivors benefit,Mean moratorium pension,Mean universal pension,Mean retirement pension,Mean pension benefit,Median pension benefit,Median pension to labour income ratio,Mean pension to labour income ratio,Mean family benefit,Mean child benefits,Mean contributory child benefits,Mean AUH benefits,Child benefit coverage,Contributory child benefit coverage,AUH coverage,"Gini, retirement age","Gini, retirement age, non labour income","Gini, 65+","Gini, 65+, non labour income","Gini, retirement age, has income","Gini, retirement age, (has) non labour income","Gini, 65+, has income","Gini, 65+, (has) non labour income"
60,0.7767365991773517,0.207481784442449,0.015781616380199325,0.9956461137558834,0.995064588764918,0.9966313606399526,0.99625092956515,0.7682240372767001,0.849054511030083,0.06545212139168143,0.06644676011884164,0.21134649958588925,0.12665339357358735,0.0160755768932941,0.01935668416124765,5135.6717355062401,3881.1208017263239,2794.9705843929651,2799.9447305494791,4613.1573362656645,4722.8906485842199,3523.3757878834749,0.5936210019230118,0.7126851336462082,585.38924413725351,597.82961610367875,542.43430521951041,764.68769376253863,0.7486578550135559,0.5196348986157433,0.2290229563978125,0.29755643294862089,0.26823853277684861,0.28518766192377293,0.26463025697851511,0.29747355515967711,0.26813504438832858,0.28427636181570248,0.26338346348643549
period,Contributory pensioners share,Moratorium pensioners share,Universal pensioners share,Retirement coverage for legal age,Retirement coverage 65+,All coverage legal age,All coverage 65+,Contributory retirement coverage legal age,Contributory retirement coverage 65+,Survivors benefit coverage legal age,Survivors benefit coverage 65+,Moratorium benefit coverage legal age,Moratorium benefit coverage 65+,PUAM coverage legal age,PUAM coverage 65+,Mean contributory retirement pension,Mean survivors benefit,Mean moratorium pension,Mean universal pension,Mean retirement pension,Mean pension benefit,Median pension benefit,Median pension to labour income ratio,Mean pension to labour income ratio,Mean family benefit,Mean child benefits,Mean contributory child benefits,Mean AUH benefits,Child benefit coverage,Contributory child benefit coverage,AUH coverage,"Gini, retirement age","Gini, retirement age, non labour income","Gini, 65+","Gini, 65+, non labour income","Gini, retirement age, has income","Gini, retirement age, (has) non labour income","Gini, 65+, has income","Gini, 65+, (has) non labour income"
61,0.7690332074779789,0.21284167199699042,0.018125120525030743,0.996391086756248,0.9959628428011555,0.9969856032130693,0.9966782230573701,0.7613922406757009,0.844667014358243,0.06891834190485968,0.0706907289879627,0.21655731012664164,0.1291051715412832,0.018441535953905408,0.02219065690162941,4822.4939582779771,3659.6729063729153,2600.2223004937296,2604.7165039168976,4309.3044593456625,4429.3082861875519,3301.3247305727405,0.5658120957815042,0.6780493780121118,681.95643705920679,685.48732768567743,626.50563938899063,870.59762182175837,0.7074136842956359,0.48853956219432426,0.21887412210131163,0.29866759509723312,0.27056678776739235,0.28590194767956378,0.266353580270969,0.29858524742153314,0.27046412610441251,0.28528761455968221,0.26541581796864128
period,Contributory pensioners share,Moratorium pensioners share,Universal pensioners share,Retirement coverage for legal age,Retirement coverage 65+,All coverage legal age,All coverage 65+,Contributory retirement coverage legal age,Contributory retirement coverage 65+,Survivors benefit coverage legal age,Survivors benefit coverage 65+,Moratorium benefit coverage legal age,Moratorium benefit coverage 65+,PUAM coverage legal age,PUAM coverage 65+,Mean contributory retirement pension,Mean survivors benefit,Mean moratorium pension,Mean universal pension,Mean retirement pension,Mean pension benefit,Median pension benefit,Median pension to labour income ratio,Mean pension to labour income ratio,Mean family benefit,Mean child benefits,Mean contributory child benefits,Mean AUH benefits,Child benefit coverage,Contributory child benefit coverage,AUH coverage,"Gini, retirement age","Gini, retirement age, non labour income","Gini, 65+","Gini, 65+, non labour income","Gini, retirement age, has income","Gini, retirement age, (has) non labour income","Gini, 65+, has income","Gini, 65+, (has) non labour income"
62,0.7608552416653612,0.21857426660190665,0.020570491732732125,0.9963550660853943,0.9959958874433947,0.996945603954101,0.9967054122217403,0.7537023103396312,0.8384817065446463,0.07063450604888631,0.07205003397273736,0.22178051693629594,0.13243641467980535,0.020872238809467137,0.025077766218943098,4766.279754502094,3601.3760665260256,2591.5223286411115,2565.4520740685603,4245.661637501953,4368.4859470531519,3247.9209770821367,0.5567423437389896,0.6700485162955948,497.52983185748576,505.61865293726032,453.74143407138848,675.71467290986277,0.7091431152886585,0.5014475552370931,0.20769556005156542,0.30156606204524722,0.271460400405442,0.28754563399452371,0.26736025191987767,0.30148460356483153,0.27131469818944698,0.2869377360261382,0.26643145125477391
period,Contributory pensioners share,Moratorium pensioners share,Universal pensioners share,Retirement coverage for legal age,Retirement coverage 65+,All coverage legal age,All coverage 65+,Contributory retirement coverage legal age,Contributory retirement coverage 65+,Survivors benefit coverage legal age,Survivors benefit coverage 65+,Moratorium benefit coverage legal age,Moratorium benefit coverage 65+,PUAM coverage legal age,PUAM coverage 65+,Mean contributory retirement pension,Mean survivors benefit,Mean moratorium pension,Mean universal pension,Mean retirement pension,Mean pension benefit,Median pension benefit,Median pension to labour income ratio,Mean pension to labour income ratio,Mean family benefit,Mean child benefits,Mean contributory child benefits,Mean AUH benefits,Child benefit coverage,Contributory child benefit coverage,AUH coverage,"Gini, retirement age","Gini, retirement age, non labour income","Gini, 65+","Gini, 65+, non labour income","Gini, retirement age, has income","Gini, retirement age, (has) non labour income","Gini, 65+, has income","Gini, 65+, (has) non labour income"
63,0.7549580653835126,0.22240887784213756,0.022633056774349777,0.996010740294177,0.9956400658647966,0.9965994022612794,0.9963452604912008,0.7478578729026263,0.8321738530492673,0.07515021098143856,0.07737937213514683,0.2252324723776078,0.13600845216138338,0.022920395013942902,0.027457760654145912,4728.4625557798736,3556.3743795074388,2566.6443809573202,2539.2886908390719,4198.1073050447239,4330.5056916370795,3212.6198020929901,0.5399351440300681,0.6547901512181916,488.45716723381969,497.00164525764922,441.03444159553663,667.68151579983669,0.6867932052412866,0.4744773480683629,0.21231585717292373,0.30207776685154047,0.2726697669320573,0.28725464232413689,0.26874941088028931,0.30197661658075964,0.27254755524106189,0.28635658407651998,0.26782803606449934
period,Contributory pensioners share,Moratorium pensioners share,Universal pensioners share,Retirement coverage for legal age,Retirement coverage 65+,All coverage legal age,All coverage 65+,Contributory retirement coverage legal age,Contributory retirement coverage 65+,Survivors benefit coverage legal age,Survivors benefit coverage 65+,Moratorium benefit coverage legal age,Moratorium benefit coverage 65+,PUAM coverage legal age,PUAM coverage 65+,Mean contributory retirement pension,Mean survivors benefit,Mean moratorium pension,Mean universal pension,Mean retirement pension,Mean pension benefit,Median pension benefit,Median pension to labour income ratio,Mean pension to labour income ratio,Mean family benefit,Mean child benefits,Mean contributory child benefits,Mean AUH benefits,Child benefit coverage,Contributory child benefit coverage,AUH coverage,"Gini, retirement age","Gini, retirement age, non labour income","Gini, 65+","Gini, 65+, non labour income","Gini, retirement age, has income","Gini, retirement age, (has) non labour income","Gini, 65+, has income","Gini, 65+, (has) non labour income"
64,0.7469268953801181,0.22850031237709806,0.024572792242783775,0.9960259189087577,0.9956232090440993,0.9966123410936008,0.9963266671846926,0.7404875606053315,0.8270273184702164,0.07952577534372325,0.08082251954094441,0.23072619583328266,0.1388318091211689,0.024812162470143496,0.029764081452714006,4738.6799793893788,3527.617493720576,2557.0048386069243,2537.0040198793417,4186.0652022762679,4328.037996404606,3212.5314771847529,0.5384743511091228,0.6558080552472725,480.45671393280071,484.27909377668095,428.71044715071639,637.93890048608023,0.7137731535795451,0.4926549437878351,0.22111820979170996,0.30567381110556663,0.27390563527694772,0.29054251036536294,0.26943317823114848,0.30557356494744226,0.27380080245966121,0.28965079879005312,0.26849472484381592
period,Contributory pensioners share,Moratorium pensioners share,Universal pensioners share,Retirement coverage for legal age,Retirement coverage 65+,All coverage legal age,All coverage 65+,Contributory retirement coverage legal age,Contributory retirement coverage 65+,Survivors benefit coverage legal age,Survivors benefit coverage 65+,Moratorium benefit coverage legal age,Moratorium benefit coverage 65+,PUAM coverage legal age,PUAM coverage 65+,Mean contributory retirement pension,Mean survivors benefit,Mean moratorium pension,Mean universal pension,Mean retirement pension,Mean pension benefit,Median pension benefit,Median pension to labour income ratio,Mean pension to labour income ratio,Mean family benefit,Mean child benefits,Mean contributory child benefits,Mean AUH benefits,Child benefit coverage,Contributory child benefit coverage,AUH coverage,"Gini, retirement age","Gini, retirement age, non labour income","Gini, 65+","Gini, 65+, non labour income","Gini, retirement age, has income","Gini, retirement age, (has) non labour income","Gini, 65+, has income","Gini, 65+, (has) non labour income"
65,0.7395874402216585,0.2332648545528872,0.027147705225454382,0.9958352204786479,0.9955906413817851,0.9964145545004955,0.996286377130181,0.7337738152514774,0.8213075817003305,0.08295890803111583,0.08526840719801053,0.2347418097893345,0.14147431988536985,0.027319595437835995,0.032808739796084806,4762.3008073401388,3529.3512142940949,2557.4106601315116,2537.0040198793413,4187.5657266212875,4340.2650120323769,3212.5314771847529,0.5389482309878452,0.659094502093831,606.06873413912376,599.50214170304946,537.68283617207214,775.85691353546281,0.6935139013815477,0.4816466727978952,0.21186722858365253,0.30755141867944669,0.27587569972397064,0.29275646183465109,0.27128805617262669,0.30731241327893749,0.27562576113924392,0.29184638886557723,0.2703304196653471
period,Contributory pensioners share,Moratorium pensioners share,Universal pensioners share,Retirement coverage for legal age,Retirement coverage 65+,All coverage legal age,All coverage 65+,Contributory retirement coverage legal age,Contributory retirement coverage 65+,Survivors benefit coverage legal age,Survivors benefit coverage 65+,Moratorium benefit coverage legal age,Moratorium benefit coverage 65+,PUAM coverage legal age,PUAM coverage 65+,Mean contributory retirement pension,Mean survivors benefit,Mean moratorium pension,Mean universal pension,Mean retirement pension,Mean pension benefit,Median pension benefit,Median pension to labour income ratio,Mean pension to labour income ratio,Mean family benefit,Mean child benefits,Mean contributory child benefits,Mean AUH benefits,Child benefit coverage,Contributory child benefit coverage,AUH coverage,"Gini, retirement age","Gini, retirement age, non labour income","Gini, 65+","Gini, 65+, non labour income","Gini, retirement age, has income","Gini, retirement age, (has) non labour income","Gini, 65+, has income","Gini, 65+, (has) non labour income"
66,0.7321627669384322,0.2379826843461949,0.029854548715372967,0.9958516123426046,0.9956154359610981,0.9964286662042604,0.9963072594681256,0.7269822372518707,0.8163950942289817,0.08492005800718169,0.0879249037747737,0.2388997783884223,0.14329012295618868,0.029969596702311495,0.03593021877592779,4772.6209552400942,3539.1251277767578,2559.7347574739556,2537.0040198793422,4179.2490230374242,4341.8641755664748,3212.5314771847529,0.5383948916200192,0.658807509109296,474.09539304202281,479.08438466243553,422.5897449832832,651.30752602275606,0.7049525853708156,0.4948969722973472,0.2100556130734684,0.3101626813997444,0.27692211301771885,0.29552482684831144,0.27207711786490762,0.31010524494419112,0.27667351824471248,0.29462342016726023,0.27112590445520751
period,Contributory pensioners share,Moratorium pensioners share,Universal pensioners share,Retirement coverage for legal age,Retirement coverage 65+,All coverage legal age,All coverage 65+,Contributory retirement coverage legal age,Contributory retirement coverage 65+,Survivors benefit coverage legal age,Survivors benefit coverage 65+,Moratorium benefit coverage legal age,Moratorium benefit coverage 65+,PUAM coverage legal age,PUAM coverage 65+,Mean contributory retirement pension,Mean survivors benefit,Mean moratorium pension,Mean universal pension,Mean retirement pension,Mean pension benefit,Median pension benefit,Median pension to labour income ratio,Mean pension to labour income ratio,Mean family benefit,Mean child benefits,Mean contributory child benefits,Mean AUH benefits,Child benefit coverage,Contributory child benefit coverage,AUH coverage,"Gini, retirement age","Gini, retirement age, non labour income","Gini, 65+","Gini, 65+, non labour income","Gini, retirement age, has income","Gini, retirement age, (has) non labour income","Gini, 65+, has income","Gini, 65+, (has) non labour income"
67,0.7246357153429946,0.24332636903622964,0.032037915620775716,0.995881455131366,0.9955126458839474,0.996454357766589,0.9962000518808674,0.7200647395475619,0.8093653953374782,0.08696264225381653,0.08985090604015405,0.24372616080586582,0.14764290715091288,0.032090554777938235,0.038504343395556286,4794.3344631990967,3546.7258981030586,2561.5449260792311,2537.0040198793417,4178.7177300383501,4350.8933913565124,3212.5314771847529,0.5335226328667207,0.6588241929802732,477.09973346177259,481.35805077274387,422.11128890008587,652.06202548827832,0.6879370709959213,0.47379024713780354,0.2141468238581177,0.31220984102386651,0.27877400296768329,0.29803776443005808,0.27445422145482457,0.31211282820334724,0.2785278292527687,0.29714531568670027,0.27351217614770496
period,Contributory pensioners share,Moratorium pensioners share,Universal pensioners share,Retirement coverage for legal age,Retirement coverage 65+,All coverage legal age,All coverage 65+,Contributory retirement coverage legal age,Contributory retirement coverage 65+,Survivors benefit coverage legal age,Survivors benefit coverage 65+,Moratorium benefit coverage legal age,Moratorium benefit coverage 65+,PUAM coverage legal age,PUAM coverage 65+,Mean contributory retirement pension,Mean survivors benefit,Mean moratorium pension,Mean universal pension,Mean retirement pension,Mean pension benefit,Median pension benefit,Median pension to labour income ratio,Mean pension to labour income ratio,Mean family benefit,Mean child benefits,Mean contributory child benefits,Mean AUH benefits,Child benefit coverage,Contributory child benefit coverage,AUH coverage,"Gini, retirement age","Gini, retirement age, non labour income","Gini, 65+","Gini, 65+, non labour income","Gini, retirement age, has income","Gini, retirement age, (has) non labour income","Gini, 65+, has income","Gini, 65+, (has) non labour income"
68,0.7226895722366737,0.24237917544076965,0.03493125232255667,0.9904220213435964,0.9958501555730567,0.9914134396595043,0.9965319596426092,0.7146344943766589,0.804430127993498,0.08813767856693729,0.09074357219837854,0.24104810598808452,0.14981092079207312,0.03473942097885299,0.04160910678748554,4807.257612016062,3537.6742129825734,2591.5679566482299,2537.0040198793417,4190.9177792522469,4362.8614637729916,3212.5314771847529,0.5362609147555032,0.6624164290270891,472.86648707720684,483.64316642563392,425.77497540596227,643.79336541993212,0.7167980491132314,0.49125112808437765,0.2255469210288538,0.31322343847314965,0.28168452915227071,0.29616417377350096,0.27323497738984937,0.3117352509257173,0.27900292878907257,0.29527664452096924,0.27228919363507531
period,Contributory pensioners share,Moratorium pensioners share,Universal pensioners share,Retirement coverage for legal age,Retirement coverage 65+,All coverage legal age,All coverage 65+,Contributory retirement coverage legal age,Contributory retirement coverage 65+,Survivors benefit coverage legal age,Survivors benefit coverage 65+,Moratorium benefit coverage legal age,Moratorium benefit coverage 65+,PUAM coverage legal age,PUAM coverage 65+,Mean contributory retirement pension,Mean survivors benefit,Mean moratorium pension,Mean universal pension,Mean retirement pension,Mean pension benefit,Median pension benefit,Median pension to labour income ratio,Mean pension to labour income ratio,Mean family benefit,Mean child benefits,Mean contributory child benefits,Mean AUH benefits,Child benefit coverage,Contributory child benefit coverage,AUH coverage,"Gini, retirement age","Gini, retirement age, non labour income","Gini, 65+","Gini, 65+, non labour income","Gini, retirement age, has income","Gini, retirement age, (has) non labour income","Gini, 65+, has income","Gini, 65+, (has) non labour income"
69,0.7206181820817058,0.24173257040631352,0.0376492475119807,0.9824184317953463,0.9961025399538579,0.9836435598363846,0.9967807579345846,0.7074201131937806,0.7993226993564879,0.09165608574520598,0.09468907619555794,0.2379397875935214,0.1522993821733859,0.03705853100804422,0.044480458423984084,4821.6533277905046,3542.2689089442838,2597.2275176941525,2535.3820506642078,4197.8607658457058,4379.5780025990407,3212.5314771847529,0.5343149271107245,0.6640920608736655,609.53951255835011,603.2084321220625,544.35295318034071,779.38685888658642,0.696337042044835,0.48735850420754495,0.20897853783729003,0.31813888879119367,0.28870983372774578,0.29819593886347689,0.27530596623066939,0.31287213336962044,0.28104055000082873,0.29764442070781066,0.27472669411482331
period,Contributory pensioners share,Moratorium pensioners share,Universal pensioners share,Retirement coverage for legal age,Retirement coverage 65+,All coverage legal age,All coverage 65+,Contributory retirement coverage legal age,Contributory retirement coverage 65+,Survivors benefit coverage legal age,Survivors benefit coverage 65+,Moratorium benefit coverage legal age,Moratorium benefit coverage 65+,PUAM coverage legal age,PUAM coverage 65+,Mean contributory retirement pension,Mean survivors benefit,Mean moratorium pension,Mean universal pension,Mean retirement pension,Mean pension benefit,Median pension benefit,Median pension to labour income ratio,Mean pension to labour income ratio,Mean family benefit,Mean child benefits,Mean contributory child benefits,Mean AUH benefits,Child benefit coverage,Contributory child benefit coverage,AUH coverage,"Gini, retirement age","Gini, retirement age, non labour income","Gini, 65+","Gini, 65+, non labour income","Gini, retirement age, has income","Gini, retirement age, (has) non labour income","Gini, 65+, has income","Gini, 65+, (has) non labour income"
70,0.7185369581934223,0.24094155301621656,0.040521488790361083,0.9748856885743298,0.9954049807949575,0.9764483500848216,0.9960804233422956,0.7004913972544989,0.7924165281826728,0.09514855418341309,0.09798667569286915,0.23489047181838266,0.15550465881776845,0.03950381950144815,0.04748379379451625,4832.5413859830524,3555.6809049745439,2597.9963264629273,2535.4908573929779,4201.0667218124045,4396.6646344480123,3212.5314771847529,0.5357265151301374,0.6678780645799194,472.41398470121783,481.59136540987299,426.42263570736111,658.66853430833078,0.7117097677141049,0.5031188244971339,0.20860675910572288,0.32181482845589549,0.29506926079162932,0.29794609981852299,0.27712740484735748,0.31375432190635261,0.28424050961151548,0.29739664484217793,0.27655195511521929
period,Contributory pensioners share,Moratorium pensioners share,Universal pensioners share,Retirement coverage for legal age,Retirement coverage 65+,All coverage legal age,All coverage 65+,Contributory retirement coverage legal age,Contributory retirement coverage 65+,Survivors benefit coverage legal age,Survivors benefit coverage 65+,Moratorium benefit coverage legal age,Moratorium benefit coverage 65+,PUAM coverage legal age,PUAM coverage 65+,Mean contributory retirement pension,Mean survivors benefit,Mean moratorium pension,Mean universal pension,Mean retirement pension,Mean pension benefit,Median pension benefit,Median pension to labour income ratio,Mean pension to labour income ratio,Mean family benefit,Mean child benefits,Mean contributory child benefits,Mean AUH benefits,Child benefit coverage,Contributory child benefit coverage,AUH coverage,"Gini, retirement age","Gini, retirement age, non labour income","Gini, 65+","Gini, 65+, non labour income","Gini, retirement age, has income","Gini, retirement age, (has) non labour income","Gini, 65+, has income","Gini, 65+, (has) non labour income"
71,0.7157883933589189,0.24075616777776152,0.043455438863319665,0.9674663500104219,0.9952559972990482,0.9712950271915918,0.9960355625309865,0.6925011843027773,0.7841699287958561,0.10228813612849844,0.10523643973197312,0.23292349088244768,0.16047303154456113,0.04204167482519691,0.05061303695863103,4846.364484434017,3573.8004310209985,2874.2153979155983,2532.0794859289022,4270.9891578125926,4477.2733184170747,3212.5314771847529,0.5400298961193198,0.681694458805459,470.45453421852466,479.24853575769367,424.39504250205829,646.11408060621579,0.6853846594463893,0.4833234560634394,0.20206120338294992,0.31684126605969332,0.29251197205222934,0.28757088465550251,0.26756347496683108,0.30689728368241159,0.27860413821458141,0.28697860322283625,0.26694474157262438
period,Contributory pensioners share,Moratorium pensioners share,Universal pensioners share,Retirement coverage for legal age,Retirement coverage 65+,All coverage legal age,All coverage 65+,Contributory retirement coverage legal age,Contributory retirement coverage 65+,Survivors benefit coverage legal age,Survivors benefit coverage 65+,Moratorium benefit coverage legal age,Moratorium benefit coverage 65+,PUAM coverage legal age,PUAM coverage 65+,Mean contributory retirement pension,Mean survivors benefit,Mean moratorium pension,Mean universal pension,Mean retirement pension,Mean pension benefit,Median pension benefit,Median pension to labour income ratio,Mean pension to labour income ratio,Mean family benefit,Mean child benefits,Mean contributory child benefits,Mean AUH benefits,Child benefit coverage,Contributory child benefit coverage,AUH coverage,"Gini, retirement age","Gini, retirement age, non labour income","Gini, 65+","Gini, 65+, non labour income","Gini, retirement age, has income","Gini, retirement age, (has) non labour income","Gini, 65+, has income","Gini, 65+, (has) non labour income"
72,0.7121512051166501,0.24084637492407315,0.04700241995927673,0.9598914420665766,0.9952552370396921,0.9656283539028893,0.9960317905178063,0.6835878472488717,0.7754030397387532,0.10602466333577845,0.10852115191694786,0.23118637414237597,0.1655292061975209,0.04511722067532899,0.054322991103417956,4857.0692418083972,3550.1308579713937,2893.8869955574114,2532.4335298495521,4274.9804104977256,4480.426115227473,3212.5314771847529,0.5324833194899835,0.6802436347889912,470.53708985591334,476.73511784226991,425.17413640129075,644.24336655028617,0.6944030683612678,0.5005094546205489,0.1938936137407189,0.32193347915201653,0.29689268121156104,0.29124278100969264,0.26773544130612625,0.31022881503214123,0.27958067441299667,0.29070185881642618,0.26714591280967415
period,Contributory pensioners share,Moratorium pensioners share,Universal pensioners share,Retirement coverage for legal age,Retirement coverage 65+,All coverage legal age,All coverage 65+,Contributory retirement coverage legal age,Contributory retirement coverage 65+,Survivors benefit coverage legal age,Survivors benefit coverage 65+,Moratorium benefit coverage legal age,Moratorium benefit coverage 65+,PUAM coverage legal age,PUAM coverage 65+,Mean contributory retirement pension,Mean survivors benefit,Mean moratorium pension,Mean universal pension,Mean retirement pension,Mean pension benefit,Median pension benefit,Median pension to labour income ratio,Mean pension to labour income ratio,Mean family benefit,Mean child benefits,Mean contributory child benefits,Mean AUH benefits,Child benefit coverage,Contributory child benefit coverage,AUH coverage,"Gini, retirement age","Gini, retirement age, non labour income","Gini, 65+","Gini, 65+, non labour income","Gini, retirement age, has income","Gini, retirement age, (has) non labour income","Gini, 65+, has income","Gini, 65+, (has) non labour income"
73,0.7096887814704615,0.23935793405884614,0.05095328447069228,0.9532325556437078,0.9951336840092911,0.9606742840865665,0.9959433776213491,0.676498450872757,0.7685559819626477,0.11146319055017337,0.11258818366786676,0.228163775196512,0.1680777160901916,0.048570329574438846,0.058499985956451714,4866.6805531198625,3569.3220194969354,2916.0345774442289,2532.7735187543035,4280.8577332517625,4502.3503123194996,3212.5314771847529,0.5412156782028742,0.6853874254068554,604.34378228845628,592.97143371553557,530.8743417222264,783.83783306055363,0.6945356450617521,0.48637739473129343,0.20815825033045873,0.32224386123233018,0.30155736680139916,0.2880524019160855,0.26853303837433873,0.30844749937388088,0.28151925783303261,0.28751079350011943,0.26794604727719712
period,Contributory pensioners share,Moratorium pensioners share,Universal pensioners share,Retirement coverage for legal age,Retirement coverage 65+,All coverage legal age,All coverage 65+,Contributory retirement coverage legal age,Contributory retirement coverage 65+,Survivors benefit coverage legal age,Survivors benefit coverage 65+,Moratorium benefit coverage legal age,Moratorium benefit coverage 65+,PUAM coverage legal age,PUAM coverage 65+,Mean contributory retirement pension,Mean survivors benefit,Mean moratorium pension,Mean universal pension,Mean retirement pension,Mean pension benefit,Median pension benefit,Median pension to labour income ratio,Mean pension to labour income ratio,Mean family benefit,Mean child benefits,Mean contributory child benefits,Mean AUH benefits,Child benefit coverage,Contributory child benefit coverage,AUH coverage,"Gini, retirement age","Gini, retirement age, non labour income","Gini, 65+","Gini, 65+, non labour income","Gini, retirement age, has income","Gini, retirement age, (has) non labour income","Gini, 65+, has income","Gini, 65+, (has) non labour income"
74,0.7066315857782064,0.23908703517778826,0.05428137904400534,0.9453280194149869,0.9950862363567459,0.9535816830411625,0.9958913332416426,0.6679986374397833,0.7582060723704322,0.11430917648396623,0.11652793935437296,0.22601567343241985,0.1750871012127804,0.05131370854278374,0.06179306277353324,4889.159113688258,3570.1299866174718,2940.9260617881855,2533.0217078246942,4295.4674618666559,4522.2928958267712,3212.5314771847529,0.5404674952059493,0.6893121517025032,470.22834766841095,474.94626734507426,417.81234728984799,653.22060151023788,0.7138563650134796,0.5047140245697092,0.20914234044377045,0.32740617760188956,0.3075746385986517,0.29049882407818423,0.2692051003432771,0.31094644798912724,0.28250682703953245,0.28999692312373077,0.26862198057886488
period,Contributory pensioners share,Moratorium pensioners share,Universal pensioners share,Retirement coverage for legal age,Retirement coverage 65+,All coverage legal age,All coverage 65+,Contributory retirement coverage legal age,Contributory retirement coverage 65+,Survivors benefit coverage legal age,Survivors benefit coverage 65+,Moratorium benefit coverage legal age,Moratorium benefit coverage 65+,PUAM coverage legal age,PUAM coverage 65+,Mean contributory retirement pension,Mean survivors benefit,Mean moratorium pension,Mean universal pension,Mean retirement pension,Mean pension benefit,Median pension benefit,Median pension to labour income ratio,Mean pension to labour income ratio,Mean family benefit,Mean child benefits,Mean contributory child benefits,Mean AUH benefits,Child benefit coverage,Contributory child benefit coverage,AUH coverage,"Gini, retirement age","Gini, retirement age, non labour income","Gini, 65+","Gini, 65+, non labour income","Gini, retirement age, has income","Gini, retirement age, (has) non labour income","Gini, 65+, has income","Gini, 65+, (has) non labour income"
75,0.7033192359878706,0.23886683892348218,0.05781392508864721,0.9378141494863002,0.9950925472993231,0.9471011200511071,0.9958907564050996,0.6595827311153193,0.7476682677492855,0.11709126963263791,0.11914722328329218,0.2240127013855065,0.182332872549437,0.054218716985474355,0.06509140700060052,4918.9059100404102,3576.5526314964736,2969.0369513960172,2533.2558446840503,4315.2230814077639,4549.1358517995841,3212.5314771847529,0.5389482309878452,0.6908600968724323,472.77771859373155,470.7312321467507,414.59332953051944,634.90980797912937,0.6960294989191352,0.49265668576694416,0.20337281315219108,0.32949693887981424,0.31282784053110041,0.28991399816867036,0.27014721890557669,0.31092884947344335,0.28439303379465136,0.28969363790296432,0.26982504155774406
period,Contributory pensioners share,Moratorium pensioners share,Universal pensioners share,Retirement coverage for legal age,Retirement coverage 65+,All coverage legal age,All coverage 65+,Contributory retirement coverage legal age,Contributory retirement coverage 65+,Survivors benefit coverage legal age,Survivors benefit coverage 65+,Moratorium benefit coverage legal age,Moratorium benefit coverage 65+,PUAM coverage legal age,PUAM coverage 65+,Mean contributory retirement pension,Mean survivors benefit,Mean moratorium pension,Mean universal pension,Mean retirement pension,Mean pension benefit,Median pension benefit,Median pension to labour income ratio,Mean pension to labour income ratio,Mean family benefit,Mean child benefits,Mean contributory child benefits,Mean AUH benefits,Child benefit coverage,Contributory child benefit coverage,AUH coverage,"Gini, retirement age","Gini, retirement age, non labour income","Gini, 65+","Gini, 65+, non labour income","Gini, retirement age, has income","Gini, retirement age, (has) non labour income","Gini, 65+, has income","Gini, 65+, (has) non labour income"
76,0.6987747215252222,0.23768683202705168,0.06353844644772606,0.9316812667023376,0.99507194698541,0.9428864194364479,0.9958605884306506,0.6510353176901923,0.7358386500199882,0.1207638891959736,0.1212375169766764,0.22144836874142926,0.18835087455070823,0.05919758027071606,0.07088242241471363,4940.1033427929524,3584.6634552835417,2985.5975721950626,2533.603323107096,4322.6377853736876,4566.5812671251388,3212.5314771847529,0.5412156782028742,0.6942737451901868,479.48229123275263,477.68522091949677,417.87058850665932,652.52179645233991,0.7054051858445999,0.4887185500651956,0.21668663577940434,0.33203178015073403,0.31690053457540523,0.29135759727016464,0.27186326371588948,0.31235593394526429,0.28650547844145058,0.2910364328537437,0.27137866168391406
period,Contributory pensioners share,Moratorium pensioners share,Universal pensioners share,Retirement coverage for legal age,Retirement coverage 65+,All coverage legal age,All coverage 65+,Contributory retirement coverage legal age,Contributory retirement coverage 65+,Survivors benefit coverage legal age,Survivors benefit coverage 65+,Moratorium benefit coverage legal age,Moratorium benefit coverage 65+,PUAM coverage legal age,PUAM coverage 65+,Mean contributory retirement pension,Mean survivors benefit,Mean moratorium pension,Mean universal pension,Mean retirement pension,Mean pension benefit,Median pension benefit,Median pension to labour income ratio,Mean pension to labour income ratio,Mean family benefit,Mean child benefits,Mean contributory child benefits,Mean AUH benefits,Child benefit coverage,Contributory child benefit coverage,AUH coverage,"Gini, retirement age","Gini, retirement age, non labour income","Gini, 65+","Gini, 65+, non labour income","Gini, retirement age, has income","Gini, retirement age, (has) non labour income","Gini, 65+, has income","Gini, 65+, (has) non labour income"
77,0.6959948430731995,0.23699594255697973,0.06700921436982081,0.9255922485075176,0.9950154770442778,0.937216706435298,0.9958526881350817,0.6442074317497596,0.7270251973155645,0.12310460719308919,0.12331210495376113,0.21936160735847335,0.19392098521742726,0.0620232093992847,0.07406929451128604,4963.0220644199517,3586.1960721252249,3001.8597631485454,2533.7812174770597,4335.4530356541991,4585.2609018667918,3212.5314771847529,0.5400298961193198,0.6962401344413824,618.97135734776009,604.13142734139637,541.36036278693496,780.70748257450737,0.7015439247597235,0.47864712403089416,0.22289680072882936,0.33636866311985769,0.32184776248641794,0.29238441663135789,0.27270176828939086,0.31433272319218925,0.28769449093427796,0.29203464380742117,0.27221584757061168
period,Contributory pensioners share,Moratorium pensioners share,Universal pensioners share,Retirement coverage for legal age,Retirement coverage 65+,All coverage legal age,All coverage 65+,Contributory retirement coverage legal age,Contributory retirement coverage 65+,Survivors benefit coverage legal age,Survivors benefit coverage 65+,Moratorium benefit coverage legal age,Moratorium benefit coverage 65+,PUAM coverage legal age,PUAM coverage 65+,Mean contributory retirement pension,Mean survivors benefit,Mean moratorium pension,Mean universal pension,Mean retirement pension,Mean pension benefit,Median pension benefit,Median pension to labour income ratio,Mean pension to labour income ratio,Mean family benefit,Mean child benefits,Mean contributory child benefits,Mean AUH benefits,Child benefit coverage,Contributory child benefit coverage,AUH coverage,"Gini, retirement age","Gini, retirement age, non labour income","Gini, 65+","Gini, 65+, non labour income","Gini, retirement age, has income","Gini, retirement age, (has) non labour income","Gini, 65+, has income","Gini, 65+, (has) non labour income"
78,0.6938586748615112,0.23662507952141318,0.0695162456170756,0.9191019513601099,0.994934805995342,0.9319773877955189,0.9957758695789964,0.6377268620333549,0.7204320276781118,0.12734601864309775,0.12721882616350264,0.21748257232887203,0.1983471624523284,0.06389251699788287,0.07615561586490192,4978.2081739485384,3598.6758463338419,3017.3263723452546,2533.8897591995192,4344.2945224260366,4607.1365445692818,3212.5314771847529,0.5419338062058149,0.7000348622870025,473.7347404221702,477.61256423790263,417.87991621805708,659.42396176743591,0.7087506178965177,0.4938634335179157,0.21488718437860202,0.33872546313459428,0.32696272453923142,0.29448188427187516,0.27449342258754539,0.31505125446443244,0.28931346937875613,0.29416299453208666,0.27397924134777385
period,Contributory pensioners share,Moratorium pensioners share,Universal pensioners share,Retirement coverage for legal age,Retirement coverage 65+,All coverage legal age,All coverage 65+,Contributory retirement coverage legal age,Contributory retirement coverage 65+,Survivors benefit coverage legal age,Survivors benefit coverage 65+,Moratorium benefit coverage legal age,Moratorium benefit coverage 65+,PUAM coverage legal age,PUAM coverage 65+,Mean contributory retirement pension,Mean survivors benefit,Mean moratorium pension,Mean universal pension,Mean retirement pension,Mean pension benefit,Median pension benefit,Median pension to labour income ratio,Mean pension to labour income ratio,Mean family benefit,Mean child benefits,Mean contributory child benefits,Mean AUH benefits,Child benefit coverage,Contributory child benefit coverage,AUH coverage,"Gini, retirement age","Gini, retirement age, non labour income","Gini, 65+","Gini, 65+, non labour income","Gini, retirement age, has income","Gini, retirement age, (has) non labour income","Gini, 65+, has income","Gini, 65+, (has) non labour income"
79,0.6904582128548848,0.236377523689017,0.07316426345609815,0.908498895104885,0.995018857573097,0.9228754086041977,0.9958562035494134,0.6272805234947564,0.7132052572418469,0.1311755164581354,0.1305464446076619,0.2147487190991007,0.20223951149247268,0.06646965251102789,0.07957408883877748,4982.2419353077839,3608.2657136592329,3031.3878007934527,2534.0367207370982,4341.9827345993626,4618.8973496112058,3212.5314771847529,0.5389482309878452,0.7007415881742716,475.473210845518,473.62596179987224,411.04417905360015,678.53899035018912,0.7014153601857046,0.4926067095490255,0.2088086506366791,0.3459301016997236,0.33391878419694837,0.29603380201120283,0.27520711562824818,0.31871130405008963,0.29170104727770668,0.29558157633121507,0.27459552068976956
period,Contributory pensioners share,Moratorium pensioners share,Universal pensioners share,Retirement coverage for legal age,Retirement coverage 65+,All coverage legal age,All coverage 65+,Contributory retirement coverage legal age,Contributory retirement coverage 65+,Survivors benefit coverage legal age,Survivors benefit coverage 65+,Moratorium benefit coverage legal age,Moratorium benefit coverage 65+,PUAM coverage legal age,PUAM coverage 65+,Mean contributory retirement pension,Mean survivors benefit,Mean moratorium pension,Mean universal pension,Mean retirement pension,Mean pension benefit,Median pension benefit,Median pension to labour income ratio,Mean pension to labour income ratio,Mean family benefit,Mean child benefits,Mean contributory child benefits,Mean AUH benefits,Child benefit coverage,Contributory child benefit coverage,AUH coverage,"Gini, retirement age","Gini, retirement age, non labour income","Gini, 65+","Gini, 65+, non labour income","Gini, retirement age, has income","Gini, retirement age, (has) non labour income","Gini, 65+, has income","Gini, 65+, (has) non labour income"
80,0.6879415411963192,0.23550877361051237,0.07654968519316845,0.9021769009621098,0.9945123387629636,0.9171399590668196,0.9953471803269269,0.6206449676795929,0.704907064264989,0.13362702790298475,0.13286678732511706,0.21247057552531914,0.2069648654083714,0.06906135775719782,0.08264040908960327,5009.4931901939863,3586.4991050848889,3048.0593169210674,2534.1553660781196,4358.0719729985522,4632.228157173543,3212.5314771847529,0.5318762583550426,0.7008997025259828,476.60199119873084,474.0438984162563,416.56613846346335,655.51816869893116,0.7199312243786518,0.5099066916997165,0.21002453267893517,0.34896817647988848,0.33867755031954888,0.29592075370207754,0.27655201469617441,0.32024782819595199,0.29387110737313471,0.29550160458061131,0.27589653766155081
period,Contributory pensioners share,Moratorium pensioners share,Universal pensioners share,Retirement coverage for legal age,Retirement coverage 65+,All coverage legal age,All coverage 65+,Contributory retirement coverage legal age,Contributory retirement coverage 65+,Survivors benefit coverage legal age,Survivors benefit coverage 65+,Moratorium benefit coverage legal age,Moratorium benefit coverage 65+,PUAM coverage legal age,PUAM coverage 65+,Mean contributory retirement pension,Mean survivors benefit,Mean moratorium pension,Mean universal pension,Mean retirement pension,Mean pension benefit,Median pension benefit,Median pension to labour income ratio,Mean pension to labour income ratio,Mean family benefit,Mean child benefits,Mean contributory child benefits,Mean AUH benefits,Child benefit coverage,Contributory child benefit coverage,AUH coverage,"Gini, retirement age","Gini, retirement age, non labour income","Gini, 65+","Gini, 65+, non labour income","Gini, retirement age, has income","Gini, retirement age, (has) non labour income","Gini, 65+, has income","Gini, 65+, (has) non labour income"
81,0.6851999693435692,0.23443999855233522,0.08036003210409562,0.8951465538495621,0.9945523451979958,0.9120198096925995,0.9953811005563156,0.6133543912557216,0.6968420884520955,0.1370970796425394,0.13513275343273265,0.2098581567886192,0.21159071120955789,0.07193400580522137,0.08611954553634246,5031.9181294783775,3598.6554080569449,3066.3158427332369,2534.2903770333414,4370.3928858488161,4654.6090159232699,3212.5314771847529,0.5389482309878452,0.7056657777241343,606.81036465279703,589.6432489947731,527.63832917670322,774.65075289638185,0.706427534297055,0.4988493641936953,0.20757817010335963,0.35367574479920899,0.34357513948249613,0.29845967392393319,0.27787645602090505,0.32313195632222252,0.29565974406135337,0.29809555652623593,0.27722695312562246
period,Contributory pensioners share,Moratorium pensioners share,Universal pensioners share,Retirement coverage for legal age,Retirement coverage 65+,All coverage legal age,All coverage 65+,Contributory retirement coverage legal age,Contributory retirement coverage 65+,Survivors benefit coverage legal age,Survivors benefit coverage 65+,Moratorium benefit coverage legal age,Moratorium benefit coverage 65+,PUAM coverage legal age,PUAM coverage 65+,Mean contributory retirement pension,Mean survivors benefit,Mean moratorium pension,Mean universal pension,Mean retirement pension,Mean pension benefit,Median pension benefit,Median pension to labour income ratio,Mean pension to labour income ratio,Mean family benefit,Mean child benefits,Mean contributory child benefits,Mean AUH benefits,Child benefit coverage,Contributory child benefit coverage,AUH coverage,"Gini, retirement age","Gini, retirement age, non labour income","Gini, 65+","Gini, 65+, non labour income","Gini, retirement age, has income","Gini, retirement age, (has) non labour income","Gini, 65+, has income","Gini, 65+, (has) non labour income"
82,0.6838335247794991,0.2324917436340705,0.0836747315864304,0.8901331473394984,0.9940667714001225,0.9079686614948606,0.9950820196588981,0.6087028876682384,0.6902538715187191,0.14060782570010014,0.13829487554432282,0.20694860749144298,0.21498830312832926,0.07448165217981705,0.08882459675307412,5055.9122310869052,3597.6899448954787,3084.5444035048299,2534.392144802699,4386.5979710986157,4676.8846301134035,3212.5314771847529,0.5439008907897318,0.7122984974119446,466.63847716686814,469.16859424405737,408.98577029314845,641.49923526609246,0.7063348387053194,0.4937165869241453,0.2126182517811741,0.35610320541865748,0.34762944168335386,0.29793360617505643,0.27952095508081232,0.32477012284183898,0.29867322929330248,0.29738637714980742,0.27863746420946123
period,Contributory pensioners share,Moratorium pensioners share,Universal pensioners share,Retirement coverage for legal age,Retirement coverage 65+,All coverage legal age,All coverage 65+,Contributory retirement coverage legal age,Contributory retirement coverage 65+,Survivors benefit coverage legal age,Survivors benefit coverage 65+,Moratorium benefit coverage legal age,Moratorium benefit coverage 65+,PUAM coverage legal age,PUAM coverage 65+,Mean contributory retirement pension,Mean survivors benefit,Mean moratorium pension,Mean universal pension,Mean retirement pension,Mean pension benefit,Median pension benefit,Median pension to labour income ratio,Mean pension to labour income ratio,Mean family benefit,Mean child benefits,Mean contributory child benefits,Mean AUH benefits,Child benefit coverage,Contributory child benefit coverage,AUH coverage,"Gini, retirement age","Gini, retirement age, non labour income","Gini, 65+","Gini, 65+, non labour income","Gini, retirement age, has income","Gini, retirement age, (has) non labour income","Gini, 65+, has income","Gini, 65+, (has) non labour income"
83,0.6831129476731459,0.2322184443182566,0.08466860800859742,0.8849015650981271,0.9938944500579306,0.9031992467903104,0.9952750565802643,0.6044877165347619,0.6859029667203694,0.14297226091251847,0.14181617345757094,0.20549046482187755,0.21851477619440704,0.07492338374148767,0.08947670714315407,5088.9993580445325,3606.1102034649871,3096.2177298249476,2534.4141029750936,4409.9455308873603,4706.2632023694705,3212.5314771847529,0.5412156782028742,0.7169827542466081,464.89842398049649,465.21753933370081,399.0260281430127,667.51124692558085,0.7066296969540545,0.49262741830222,0.21400227865183455,0.36037763879408558,0.35192673909687544,0.29824065889765194,0.28041151804152264,0.32676611429446878,0.30037885132096598,0.29739104124884608,0.27944585530041682
period,Contributory pensioners share,Moratorium pensioners share,Universal pensioners share,Retirement coverage for legal age,Retirement coverage 65+,All coverage legal age,All coverage 65+,Contributory retirement coverage legal age,Contributory retirement coverage 65+,Survivors benefit coverage legal age,Survivors benefit coverage 65+,Moratorium benefit coverage legal age,Moratorium benefit coverage 65+,PUAM coverage legal age,PUAM coverage 65+,Mean contributory retirement pension,Mean survivors benefit,Mean moratorium pension,Mean universal pension,Mean retirement pension,Mean pension benefit,Median pension benefit,Median pension to labour income ratio,Mean pension to labour income ratio,Mean family benefit,Mean child benefits,Mean contributory child benefits,Mean AUH benefits,Child benefit coverage,Contributory child benefit coverage,AUH coverage,"Gini, retirement age","Gini, retirement age, non labour income","Gini, 65+","Gini, 65+, non labour income","Gini, retirement age, has income","Gini, retirement age, (has) non labour income","Gini, 65+, has income","Gini, 65+, (has) non labour income"
84,0.6788427173100898,0.23198931445496537,0.08916796823494477,0.8789812908275987,0.9936617085807063,0.8988053860216997,0.9950328331247064,0.5966900479301375,0.6763356879116077,0.14816082496277505,0.14773403554082887,0.2039142670778352,0.2238803161618848,0.07837697581962608,0.09344570450721384,5117.5461307355063,3603.7649943299707,3114.6409429690525,2534.5411386712994,4422.5722222241875,4730.342217913163,3212.5314771847529,0.5389482309878452,0.7191585326005632,470.33583819244518,470.18952751412843,410.75481422408353,651.48352945179226,0.7200999302874064,0.5076890112000152,0.2124109190873912,0.36379077625257061,0.35541888681079359,0.30032035701363985,0.28182411611995256,0.32888507324018962,0.30171448593987377,0.29962225729090164,0.280669131983247
period,Contributory pensioners share,Moratorium pensioners share,Universal pensioners share,Retirement coverage for legal age,Retirement coverage 65+,All coverage legal age,All coverage 65+,Contributory retirement coverage legal age,Contributory retirement coverage 65+,Survivors benefit coverage legal age,Survivors benefit coverage 65+,Moratorium benefit coverage legal age,Moratorium benefit coverage 65+,PUAM coverage legal age,PUAM coverage 65+,Mean contributory retirement pension,Mean survivors benefit,Mean moratorium pension,Mean universal pension,Mean retirement pension,Mean pension benefit,Median pension benefit,Median pension to labour income ratio,Mean pension to labour income ratio,Mean family benefit,Mean child benefits,Mean contributory child benefits,Mean AUH benefits,Child benefit coverage,Contributory child benefit coverage,AUH coverage,"Gini, retirement age","Gini, retirement age, non labour income","Gini, 65+","Gini, 65+, non labour income","Gini, retirement age, has income","Gini, retirement age, (has) non labour income","Gini, 65+, has income","Gini, 65+, (has) non labour income"
85,0.6777460178152109,0.23192045947695464,0.09033352270783447,0.8742932118188361,0.9934776994789601,0.8944261944508296,0.9948738164830777,0.5925487427130869,0.6701834452978136,0.15358782732229728,0.1545621830233851,0.2027664834026069,0.2294723936747786,0.07897798570314236,0.093821860506368,5129.3875002089026,3614.4697813767066,3133.6650080960571,2534.5603591596469,4432.1387463807205,4761.6231251878744,3246.5685688126864,0.5446584412849662,0.7252621380381821,602.92878300841335,582.59316107012103,519.98997995436048,772.27569835996837,0.7146179660115407,0.5077215121786501,0.20689645383289057,0.36479610733493145,0.35831526575927769,0.29834787666804752,0.28157280716756394,0.32825970990199588,0.30150459049456357,0.29753027416200822,0.28029355689833124
period,Contributory pensioners share,Moratorium pensioners share,Universal pensioners share,Retirement coverage for legal age,Retirement coverage 65+,All coverage legal age,All coverage 65+,Contributory retirement coverage legal age,Contributory retirement coverage 65+,Survivors benefit coverage legal age,Survivors benefit coverage 65+,Moratorium benefit coverage legal age,Moratorium benefit coverage 65+,PUAM coverage legal age,PUAM coverage 65+,Mean contributory retirement pension,Mean survivors benefit,Mean moratorium pension,Mean universal pension,Mean retirement pension,Mean pension benefit,Median pension benefit,Median pension to labour income ratio,Mean pension to labour income ratio,Mean family benefit,Mean child benefits,Mean contributory child benefits,Mean AUH benefits,Child benefit coverage,Contributory child benefit coverage,AUH coverage,"Gini, retirement age","Gini, retirement age, non labour income","Gini, 65+","Gini, 65+, non labour income","Gini, retirement age, has income","Gini, retirement age, (has) non labour income","Gini, 65+, has income","Gini, 65+, (has) non labour income"
86,0.6757043931864217,0.23059609233781309,0.09369951447576519,0.8686241085895241,0.9928513618750606,0.8906789539846502,0.9942387181384181,0.5869331262015809,0.6638674877369105,0.15612954169756654,0.1554745383982124,0.20030132515116048,0.232409420788491,0.08138965723678275,0.0965744533496591,5147.3949884765934,3627.604999623567,3147.7012365148948,2534.6449061792159,4441.460009244106,4776.6003178020428,3246.5685688126864,0.5446584412849662,0.7266946764758704,467.6957044072696,467.01289220175141,410.13710537139161,648.9406854346812,0.7183617143389435,0.515355040520684,0.2030066738182594,0.36579051238990284,0.36136355325734826,0.29906702278618524,0.28262163256963746,0.3289440439688453,0.30367915919910815,0.29826867165616316,0.28084993448992346
period,Contributory pensioners share,Moratorium pensioners share,Universal pensioners share,Retirement coverage for legal age,Retirement coverage 65+,All coverage legal age,All coverage 65+,Contributory retirement coverage legal age,Contributory retirement coverage 65+,Survivors benefit coverage legal age,Survivors benefit coverage 65+,Moratorium benefit coverage legal age,Moratorium benefit coverage 65+,PUAM coverage legal age,PUAM coverage 65+,Mean contributory retirement pension,Mean survivors benefit,Mean moratorium pension,Mean universal pension,Mean retirement pension,Mean pension benefit,Median pension benefit,Median pension to labour income ratio,Mean pension to labour income ratio,Mean family benefit,Mean child benefits,Mean contributory child benefits,Mean AUH benefits,Child benefit coverage,Contributory child benefit coverage,AUH coverage,"Gini, retirement age","Gini, retirement age, non labour income","Gini, 65+","Gini, 65+, non labour income","Gini, retirement age, has income","Gini, retirement age, (has) non labour income","Gini, 65+, has income","Gini, 65+, (has) non labour income"
87,0.6726295484370305,0.22976727870993127,0.09760317285303827,0.8610600993511552,0.9924948134553472,0.8851185949732449,0.9938707229618616,0.5791744658037121,0.658471687146303,0.15873822915920105,0.1571647109817983,0.197843435833618,0.2344365057744082,0.08404219771382511,0.09958662053463598,5167.0850310495298,3628.6126552100923,3161.6916038370578,2534.7351373630172,4449.3855388529755,4787.385410645039,3246.5685688126864,0.5446584412849662,0.7273758094736679,463.68260902986162,464.67004963149981,401.89738307677663,640.55946335861131,0.7044767288086142,0.4906272031518459,0.21393208467737904,0.36939172226276346,0.36537756245283431,0.3004048782683702,0.28354580529614065,0.33091767144969225,0.30537835386720213,0.29920354892020051,0.28160834029398657
period,Contributory pensioners share,Moratorium pensioners share,Universal pensioners share,Retirement coverage for legal age,Retirement coverage 65+,All coverage legal age,All coverage 65+,Contributory retirement coverage legal age,Contributory retirement coverage 65+,Survivors benefit coverage legal age,Survivors benefit coverage 65+,Moratorium benefit coverage legal age,Moratorium benefit coverage 65+,PUAM coverage legal age,PUAM coverage 65+,Mean contributory retirement pension,Mean survivors benefit,Mean moratorium pension,Mean universal pension,Mean retirement pension,Mean pension benefit,Median pension benefit,Median pension to labour income ratio,Mean pension to labour income ratio,Mean family benefit,Mean child benefits,Mean contributory child benefits,Mean AUH benefits,Child benefit coverage,Contributory child benefit coverage,AUH coverage,"Gini, retirement age","Gini, retirement age, non labour income","Gini, 65+","Gini, 65+, non labour income","Gini, retirement age, has income","Gini, retirement age, (has) non labour income","Gini, 65+, has income","Gini, 65+, (has) non labour income"
88,0.6662743897245365,0.2285103036040242,0.1052153066714394,0.8591785709984817,0.9924907825303902,0.8825936143191024,0.993862442065252,0.5724486780564126,0.6521570376991964,0.16139513426937618,0.15989536904101206,0.1963311561089347,0.23303505923287673,0.09039873683313432,0.10729868559831707,5179.8791225187524,3644.6941508461459,3161.6638080807174,2534.0013021368727,4440.3092819915873,4799.2947459718898,3246.5685688126864,0.5446584412849662,0.728897364923091,470.48858232963647,471.74992592741205,410.0653569488465,658.2028958658592,0.7143710746998299,0.498807168381281,0.21556390631854888,0.37080275753606995,0.3687581564316289,0.30127874389186488,0.28508515305706938,0.33175764183844603,0.30646129677988354,0.30002307083178831,0.28313827783907131
period,Contributory pensioners share,Moratorium pensioners share,Universal pensioners share,Retirement coverage for legal age,Retirement coverage 65+,All coverage legal age,All coverage 65+,Contributory retirement coverage legal age,Contributory retirement coverage 65+,Survivors benefit coverage legal age,Survivors benefit coverage 65+,Moratorium benefit coverage legal age,Moratorium benefit coverage 65+,PUAM coverage legal age,PUAM coverage 65+,Mean contributory retirement pension,Mean survivors benefit,Mean moratorium pension,Mean universal pension,Mean retirement pension,Mean pension benefit,Median pension benefit,Median pension to labour income ratio,Mean pension to labour income ratio,Mean family benefit,Mean child benefits,Mean contributory child benefits,Mean AUH benefits,Child benefit coverage,Contributory child benefit coverage,AUH coverage,"Gini, retirement age","Gini, retirement age, non labour income","Gini, 65+","Gini, 65+, non labour income","Gini, retirement age, has income","Gini, retirement age, (has) non labour income","Gini, 65+, has income","Gini, 65+, (has) non labour income"
89,0.6585186336735569,0.22591399348143065,0.11556737284501244,0.8617296354680941,0.9924457468516201,0.8858073345228402,0.9938095573874528,0.5674650221444616,0.6442433256642905,0.1657592923011185,0.16382780894408266,0.19467678324989462,0.23036044501219777,0.09958783007373788,0.11784197617513185,5196.8667411152419,3657.3054838376029,3161.6079693739803,2535.638925687259,4429.5221970519779,4807.0478629065465,3246.5685688126864,0.5476055972910802,0.7313705364551086,603.8015240769322,586.29507715835894,527.37123913779703,776.76797087905584,0.7080365817601355,0.5115285497294929,0.19650803203064254,0.37002392237612225,0.36859590843496826,0.30330504207135656,0.28696413885359467,0.33081791494312579,0.30785697152890712,0.30219201760276992,0.28497963551256617
period,Contributory pensioners share,Moratorium pensioners share,Universal pensioners share,Retirement coverage for legal age,Retirement coverage 65+,All coverage legal age,All coverage 65+,Contributory retirement coverage legal age,Contributory retirement coverage 65+,Survivors benefit coverage legal age,Survivors benefit coverage 65+,Moratorium benefit coverage legal age,Moratorium benefit coverage 65+,PUAM coverage legal age,PUAM coverage 65+,Mean contributory retirement pension,Mean survivors benefit,Mean moratorium pension,Mean universal pension,Mean retirement pension,Mean pension benefit,Median pension benefit,Median pension to labour income ratio,Mean pension to labour income ratio,Mean family benefit,Mean child benefits,Mean contributory child benefits,Mean AUH benefits,Child benefit coverage,Contributory child benefit coverage,AUH coverage,"Gini, retirement age","Gini, retirement age, non labour income","Gini, 65+","Gini, 65+, non labour income","Gini, retirement age, has income","Gini, retirement age, (has) non labour income","Gini, 65+, has income","Gini, 65+, (has) non labour income"
90,0.6525897080554804,0.2239397070404115,0.12347058490410803,0.8615055638120478,0.9924822909538352,0.8865462850157477,0.9938395039835154,0.5622096643762764,0.6387471536604498,0.17037226935505623,0.1676737423068596,0.1929253035737545,0.22801668474470796,0.10637059586201691,0.12571845254867745,5219.1060834471737,3658.2136483766963,3161.5559561159057,2535.7306411582222,4427.0209753349109,4818.7631755111688,3246.5685688126864,0.5469499123295414,0.7342224613074525,463.07764313432114,465.72787378741191,408.35306433452956,639.50797181118196,0.7134464045158859,0.5086758944474677,0.20477051006841826,0.37157317109484073,0.36969023991495464,0.30411702404027147,0.28876751788300548,0.33236813900196321,0.30895150382327075,0.3029825810102455,0.28679763604323083
period,Contributory pensioners share,Moratorium pensioners share,Universal pensioners share,Retirement coverage for legal age,Retirement coverage 65+,All coverage legal age,All coverage 65+,Contributory retirement coverage legal age,Contributory retirement coverage 65+,Survivors benefit coverage legal age,Survivors benefit coverage 65+,Moratorium benefit coverage legal age,Moratorium benefit coverage 65+,PUAM coverage legal age,PUAM coverage 65+,Mean contributory retirement pension,Mean survivors benefit,Mean moratorium pension,Mean universal pension,Mean retirement pension,Mean pension benefit,Median pension benefit,Median pension to labour income ratio,Mean pension to labour income ratio,Mean family benefit,Mean child benefits,Mean contributory child benefits,Mean AUH benefits,Child benefit coverage,Contributory child benefit coverage,AUH coverage,"Gini, retirement age","Gini, retirement age, non labour income","Gini, 65+","Gini, 65+, non labour income","Gini, retirement age, has income","Gini, retirement age, (has) non labour income","Gini, 65+, has income","Gini, 65+, (has) non labour income"
91,0.647460718615221,0.22210692927194542,0.13043235211283352,0.8602800170562256,0.9919934585682254,0.8850413146301103,0.9932894025990336,0.5569975180535384,0.6335371801687001,0.17337076176382624,0.17214240010566761,0.1910741529023751,0.2258347579334619,0.11220834610031204,0.13262152046606349,5250.979673054705,3660.4055819084151,3161.5098304106023,2535.8027869153834,4432.7470348371371,4838.0376323044802,3246.5685688126864,0.5446584412849662,0.7339440743058528,463.30563725693332,465.12087440587919,404.75182879889672,652.24430407151408,0.7102172421260212,0.503836524870022,0.20638071725599924,0.37486245714340488,0.37161719509960145,0.3094123187352687,0.29119463274101443,0.33702471295941611,0.31081444798986846,0.3080481190806898,0.28918952834129774
period,Contributory pensioners share,Moratorium pensioners share,Universal pensioners share,Retirement coverage for legal age,Retirement coverage 65+,All coverage legal age,All coverage 65+,Contributory retirement coverage legal age,Contributory retirement coverage 65+,Survivors benefit coverage legal age,Survivors benefit coverage 65+,Moratorium benefit coverage legal age,Moratorium benefit coverage 65+,PUAM coverage legal age,PUAM coverage 65+,Mean contributory retirement pension,Mean survivors benefit,Mean moratorium pension,Mean universal pension,Mean retirement pension,Mean pension benefit,Median pension benefit,Median pension to labour income ratio,Mean pension to labour income ratio,Mean family benefit,Mean child benefits,Mean contributory child benefits,Mean AUH benefits,Child benefit coverage,Contributory child benefit coverage,AUH coverage,"Gini, retirement age","Gini, retirement age, non labour income","Gini, 65+","Gini, 65+, non labour income","Gini, retirement age, has income","Gini, retirement age, (has) non labour income","Gini, 65+, has income","Gini, 65+, (has) non labour income"
92,0.6409288454201453,0.21990891036926383,0.13916224421059092,0.8591223734998612,0.9917915119882704,0.883010485883915,0.9930791390432834,0.5506363109218808,0.6268197010166553,0.1757680635494891,0.17655577512029147,0.1889286650302102,0.22352269805737202,0.1195573975477702,0.14144911291424317,5266.1323870059705,3688.6222807410791,3161.4722173053851,2535.8849818040521,4423.3515062314827,4854.0065739720749,3246.5685688126864,0.5446584412849662,0.7370381735054969,467.82754026973498,468.45595331296414,408.23599953083732,668.67801435038859,0.7223614364751034,0.5149994704181827,0.20739856950605592,0.37583353404612035,0.3739193379334263,0.30864212751594777,0.29310640992105963,0.33588898999815986,0.3113044307061047,0.3072820152313232,0.29099281241952457
period,Contributory pensioners share,Moratorium pensioners share,Universal pensioners share,Retirement coverage for legal age,Retirement coverage 65+,All coverage legal age,All coverage 65+,Contributory retirement coverage legal age,Contributory retirement coverage 65+,Survivors benefit coverage legal age,Survivors benefit coverage 65+,Moratorium benefit coverage legal age,Moratorium benefit coverage 65+,PUAM coverage legal age,PUAM coverage 65+,Mean contributory retirement pension,Mean survivors benefit,Mean moratorium pension,Mean universal pension,Mean retirement pension,Mean pension benefit,Median pension benefit,Median pension to labour income ratio,Mean pension to labour income ratio,Mean family benefit,Mean child benefits,Mean contributory child benefits,Mean AUH benefits,Child benefit coverage,Contributory child benefit coverage,AUH coverage,"Gini, retirement age","Gini, retirement age, non labour income","Gini, 65+","Gini, 65+, non labour income","Gini, retirement age, has income","Gini, retirement age, (has) non labour income","Gini, 65+, has income","Gini, 65+, (has) non labour income"
93,0.6340875118812355,0.21797833834010333,0.14793414977866126,0.8572498850524776,0.9914058428574379,0.8812388446597372,0.9928542058987535,0.5435714466734006,0.6195861061215601,0.17896062097004847,0.1806334013438127,0.18686190548598364,0.22149735526226502,0.1268165328930934,0.15032238147361285,5272.8635751480087,3713.0432129510177,3161.4089231202106,2535.953826763382,4407.729781970299,4861.3453550915574,3246.5685688126864,0.54452782188921,0.7372595701425159,601.11182678227362,590.27149909366108,528.43105790578807,776.58732083153825,0.7151531418472357,0.5026697194449564,0.21248342240227927,0.37745299425666501,0.37644459913899192,0.30966303911857218,0.29497787886593596,0.33501156959247264,0.31194135905909215,0.30833976839510235,0.29289431124288784
period,Contributory pensioners share,Moratorium pensioners share,Universal pensioners share,Retirement coverage for legal age,Retirement coverage 65+,All coverage legal age,All coverage 65+,Contributory retirement coverage legal age,Contributory retirement coverage 65+,Survivors benefit coverage legal age,Survivors benefit coverage 65+,Moratorium benefit coverage legal age,Moratorium benefit coverage 65+,PUAM coverage legal age,PUAM coverage 65+,Mean contributory retirement pension,Mean survivors benefit,Mean moratorium pension,Mean universal pension,Mean retirement pension,Mean pension benefit,Median pension benefit,Median pension to labour income ratio,Mean pension to labour income ratio,Mean family benefit,Mean child benefits,Mean contributory child benefits,Mean AUH benefits,Child benefit coverage,Contributory child benefit coverage,AUH coverage,"Gini, retirement age","Gini, retirement age, non labour income","Gini, 65+","Gini, 65+, non labour income","Gini, retirement age, has income","Gini, retirement age, (has) non labour income","Gini, 65+, has income","Gini, 65+, (has) non labour income"
94,0.6295538766994742,0.21508407904264945,0.15536204425787636,0.8595464893956983,0.9912512736264716,0.8825551248557898,0.992692359628883,0.5411308246024854,0.614724856651973,0.18087592235849345,0.18314868751757993,0.18487476506601622,0.21861434777248134,0.13354089972719674,0.1579120692020173,5273.490415818128,3717.9600871436342,3161.329198622027,2536.0093248312919,4393.8975072149069,4862.2233519216361,3246.5685688126864,0.5407845118336677,0.7367481959290206,470.67160143959467,477.522477889333,415.46165036780593,680.21703924196504,0.7226889140923858,0.5053493529252531,0.21733956116713268,0.3784062433695945,0.37629060990410262,0.31085416365723112,0.29603567874515319,0.33525322251503592,0.31217014926327236,0.30957157783477401,0.29389106903572715
period,Contributory pensioners share,Moratorium pensioners share,Universal pensioners share,Retirement coverage for legal age,Retirement coverage 65+,All coverage legal age,All coverage 65+,Contributory retirement coverage legal age,Contributory retirement coverage 65+,Survivors benefit coverage legal age,Survivors benefit coverage 65+,Moratorium benefit coverage legal age,Moratorium benefit coverage 65+,PUAM coverage legal age,PUAM coverage 65+,Mean contributory retirement pension,Mean survivors benefit,Mean moratorium pension,Mean universal pension,Mean retirement pension,Mean pension benefit,Median pension benefit,Median pension to labour income ratio,Mean pension to labour income ratio,Mean family benefit,Mean child benefits,Mean contributory child benefits,Mean AUH benefits,Child benefit coverage,Contributory child benefit coverage,AUH coverage,"Gini, retirement age","Gini, retirement age, non labour income","Gini, 65+","Gini, 65+, non labour income","Gini, retirement age, has income","Gini, retirement age, (has) non labour income","Gini, 65+, has income","Gini, 65+, (has) non labour income"
95,0.6213280504583804,0.21291670233355395,0.16575524720806567,0.8574878054074908,0.9908360872036268,0.8804069481595828,0.9922662105809003,0.5327812264256714,0.6065627302432428,0.1827173694366822,0.1853614689803591,0.18257347581859915,0.21606621789041972,0.14213310316322034,0.1682071390699643,5298.1532206615175,3723.1914232720201,3161.2885387516953,2536.0773085722421,4385.3504636404377,4869.3618493506901,3246.5685688126864,0.5429450647769625,0.7372189856132978,471.7001263270958,477.32458499940651,419.92348909777377,650.15538827184264,0.7299401739716108,0.5116025203892552,0.2183596921638256,0.38023752346406325,0.3788218749483484,0.31228911373133222,0.29789726671801192,0.33721392304373099,0.31414396221340368,0.31039172657930147,0.29547483629208021
period,Contributory pensioners share,Moratorium pensioners share,Universal pensioners share,Retirement coverage for legal age,Retirement coverage 65+,All coverage legal age,All coverage 65+,Contributory retirement coverage legal age,Contributory retirement coverage 65+,Survivors benefit coverage legal age,Survivors benefit coverage 65+,Moratorium benefit coverage legal age,Moratorium benefit coverage 65+,PUAM coverage legal age,PUAM coverage 65+,Mean contributory retirement pension,Mean survivors benefit,Mean moratorium pension,Mean universal pension,Mean retirement pension,Mean pension benefit,Median pension benefit,Median pension to labour income ratio,Mean pension to labour income ratio,Mean family benefit,Mean child benefits,Mean contributory child benefits,Mean AUH benefits,Child benefit coverage,Contributory child benefit coverage,AUH coverage,"Gini, retirement age","Gini, retirement age, non labour income","Gini, 65+","Gini, 65+, non labour income","Gini, retirement age, has income","Gini, retirement age, (has) non labour income","Gini, 65+, has income","Gini, 65+, (has) non labour income"
96,0.6168701704835711,0.21033326409342032,0.17279656542300864,0.8574774636603055,0.9902784860619782,0.8795162405653668,0.9917031156385018,0.5289522691939528,0.6014812454111758,0.18382559800047527,0.18827482370868542,0.18035603381821927,0.21344459866206178,0.14816916064813349,0.17535264198874068,5328.7505970245247,3725.0837837792378,3161.2048824188128,2536.1184863225203,4390.2863945804866,4882.922658461126,3246.5685688126864,0.5354566236168673,0.7381802703566536,468.11615086871416,473.56400945321337,416.44385435475101,656.92543667544783,0.7207364875871259,0.5124104855741113,0.20832600201301468,0.38064939352263444,0.38062844983213723,0.31238310600531671,0.29982182951529207,0.33712897024890454,0.31615163539840124,0.30984038518419216,0.29706569638727037
period,Contributory pensioners share,Moratorium pensioners share,Universal pensioners share,Retirement coverage for legal age,Retirement coverage 65+,All coverage legal age,All coverage 65+,Contributory retirement coverage legal age,Contributory retirement coverage 65+,Survivors benefit coverage legal age,Survivors benefit coverage 65+,Moratorium benefit coverage legal age,Moratorium benefit coverage 65+,PUAM coverage legal age,PUAM coverage 65+,Mean contributory retirement pension,Mean survivors benefit,Mean moratorium pension,Mean universal pension,Mean retirement pension,Mean pension benefit,Median pension benefit,Median pension to labour income ratio,Mean pension to labour income ratio,Mean family benefit,Mean child benefits,Mean contributory child benefits,Mean AUH benefits,Child benefit coverage,Contributory child benefit coverage,AUH coverage,"Gini, retirement age","Gini, retirement age, non labour income","Gini, 65+","Gini, 65+, non labour income","Gini, retirement age, has income","Gini, retirement age, (has) non labour income","Gini, 65+, has income","Gini, 65+, (has) non labour income"
97,0.6096079514080619,0.20855523648307722,0.18183681210886093,0.8563989254333821,0.9896865327358536,0.8802418417520497,0.9911053942147862,0.5220675945215096,0.5944335360590179,0.18686716143295937,0.18987305957724948,0.17860648041761223,0.21115205212272523,0.15572485049426033,0.18410094455411047,5338.4228928135462,3726.8570930371452,3161.1667890424951,2534.2386371215257,4374.440805586456,4878.5887088200734,3246.5685688126864,0.5354566236168673,0.7361451018486854,599.17761903444125,593.46582775866887,533.10857531239571,774.68785286505533,0.7343763959402282,0.5147226501766557,0.21965374576357247,0.38114118985826873,0.38011457899155171,0.31498178491199597,0.30050450816419005,0.33934486550977161,0.31711059386643053,0.31252158096269905,0.29781932557232554
period,Contributory pensioners share,Moratorium pensioners share,Universal pensioners share,Retirement coverage for legal age,Retirement coverage 65+,All coverage legal age,All coverage 65+,Contributory retirement coverage legal age,Contributory retirement coverage 65+,Survivors benefit coverage legal age,Survivors benefit coverage 65+,Moratorium benefit coverage legal age,Moratorium benefit coverage 65+,PUAM coverage legal age,PUAM coverage 65+,Mean contributory retirement pension,Mean survivors benefit,Mean moratorium pension,Mean universal pension,Mean retirement pension,Mean pension benefit,Median pension benefit,Median pension to labour income ratio,Mean pension to labour income ratio,Mean family benefit,Mean child benefits,Mean contributory child benefits,Mean AUH benefits,Child benefit coverage,Contributory child benefit coverage,AUH coverage,"Gini, retirement age","Gini, retirement age, non labour income","Gini, 65+","Gini, 65+, non labour income","Gini, retirement age, has income","Gini, retirement age, (has) non labour income","Gini, 65+, has income","Gini, 65+, (has) non labour income"
98,0.6039873363874262,0.20605333429978587,0.189959329312788,0.8564770449524652,0.9895609443780009,0.8813972149482715,0.9910237436374734,0.5173012890578134,0.5888985368626714,0.18943415084100812,0.19141059878029848,0.17647995086368304,0.20847268934278576,0.16269580503096887,0.19218971817254374,5365.0669650494501,3733.0365881349994,3161.1121229442233,2534.3744665679819,4373.2182726852297,4886.1468976681235,3246.5685688126864,0.5360314903820458,0.7376586306879729,469.66426636632491,469.92987422610491,410.60534010409765,662.26415514649887,0.7330389393404073,0.5211483857023977,0.2118905536380096,0.38018683264199948,0.38019635407548213,0.31542859134520573,0.30126736507188895,0.33983376041129448,0.31830568718917618,0.31300746409086982,0.29862299750380061
period,Contributory pensioners share,Moratorium pensioners share,Universal pensioners share,Retirement coverage for legal age,Retirement coverage 65+,All coverage legal age,All coverage 65+,Contributory retirement coverage legal age,Contributory retirement coverage 65+,Survivors benefit coverage legal age,Survivors benefit coverage 65+,Moratorium benefit coverage legal age,Moratorium benefit coverage 65+,PUAM coverage legal age,PUAM coverage 65+,Mean contributory retirement pension,Mean survivors benefit,Mean moratorium pension,Mean universal pension,Mean retirement pension,Mean pension benefit,Median pension benefit,Median pension to labour income ratio,Mean pension to labour income ratio,Mean family benefit,Mean child benefits,Mean contributory child benefits,Mean AUH benefits,Child benefit coverage,Contributory child benefit coverage,AUH coverage,"Gini, retirement age","Gini, retirement age, non labour income","Gini, 65+","Gini, 65+, non labour income","Gini, retirement age, has income","Gini, retirement age, (has) non labour income","Gini, 65+, has income","Gini, 65+, (has) non labour income"
99,0.595029529226889,0.20289510518377635,0.20207536558933467,0.860857897202904,0.9891921029267553,0.8864323556922019,0.9909530747790471,0.5122358693038935,0.5794914707195572,0.19163130592568806,0.19248162206362907,0.1746638536012677,0.20526497328767335,0.1739581742977427,0.2044356589195248,5391.8508285605867,3741.6202815932184,3159.2390292574055,2534.5534820935036,4361.4754168216559,4882.4228335416237,3246.5685688126864,0.5402687222401871,0.739533017359287,470.89091162169319,468.73275055577494,413.53469185258621,659.2713177003717,0.7350908432401365,0.5335303662173768,0.20156047702275973,0.38100727983291111,0.37839240427324849,0.31748770401996024,0.30316614578852913,0.3407352078284418,0.31849469424389737,0.31505027614011305,0.30056049513771166
period,Contributory pensioners share,Moratorium pensioners share,Universal pensioners share,Retirement coverage for legal age,Retirement coverage 65+,All coverage legal age,All coverage 65+,Contributory retirement coverage legal age,Contributory retirement coverage 65+,Survivors benefit coverage legal age,Survivors benefit coverage 65+,Moratorium benefit coverage legal age,Moratorium benefit coverage 65+,PUAM coverage legal age,PUAM coverage 65+,Mean contributory retirement pension,Mean survivors benefit,Mean moratorium pension,Mean universal pension,Mean retirement pension,Mean pension benefit,Median pension benefit,Median pension to labour income ratio,Mean pension to labour income ratio,Mean family benefit,Mean child benefits,Mean contributory child benefits,Mean AUH benefits,Child benefit coverage,Contributory child benefit coverage,AUH coverage,"Gini, retirement age","Gini, retirement age, non labour income","Gini, 65+","Gini, 65+, non labour income","Gini, retirement age, has income","Gini, retirement age, (has) non labour income","Gini, 65+, has income","Gini, 65+, (has) non labour income"
100,0.5883993074911188,0.2008667032196988,0.2107339892891824,0.8586990030511717,0.9884854500970712,0.8847383595670107,0.9902615596649855,0.5052578987386236,0.5726329726950429,0.19344734410606776,0.19479422003273955,0.17248403780093094,0.20294163173616955,0.18095706651161725,0.21291084566585883,5409.3531981305978,3755.6752712466791,3159.1528965203211,2534.6609860274561,4351.5675241271301,4885.092470778819,3246.5685688126864,0.5354566236168673,0.738943027232312,465.35737549314706,466.41331230015976,408.73956255205525,660.30175573060774,0.7321688871556543,0.5276265280253244,0.20454235913032998,0.3778017416313591,0.37984146809668773,0.31731505762105011,0.30481817886549345,0.33926230746482533,0.31920922809099023,0.31486248038543541,0.30181923654402404
period,Contributory pensioners share,Moratorium pensioners share,Universal pensioners share,Retirement coverage for legal age,Retirement coverage 65+,All coverage legal age,All coverage 65+,Contributory retirement coverage legal age,Contributory retirement coverage 65+,Survivors benefit coverage legal age,Survivors benefit coverage 65+,Moratorium benefit coverage legal age,Moratorium benefit coverage 65+,PUAM coverage legal age,PUAM coverage 65+,Mean contributory retirement pension,Mean survivors benefit,Mean moratorium pension,Mean universal pension,Mean retirement pension,Mean pension benefit,Median pension benefit,Median pension to labour income ratio,Mean pension to labour income ratio,Mean family benefit,Mean child benefits,Mean contributory child benefits,Mean AUH benefits,Child benefit coverage,Contributory child benefit coverage,AUH coverage,"Gini, retirement age","Gini, retirement age, non labour income","Gini, 65+","Gini, 65+, non labour income","Gini, retirement age, has income","Gini, retirement age, (has) non labour income","Gini, 65+, has income","Gini, 65+, (has) non labour income"
101,0.5811405243733859,0.19826995050682417,0.22058952511978985,0.8614492446892433,0.9884181642598896,0.8865436735035154,0.9903554477386575,0.5006230657797641,0.5653926987719476,0.1962024668745222,0.19800242051942887,0.17079949910867734,0.20024194983280752,0.19002667980080185,0.22278351565513443,5430.1947446251997,3760.276445168482,3159.0578279409419,2534.7772492014624,4341.1977702209379,4890.7526586323211,3246.5685688126864,0.5354566236168673,0.7381783566755769,597.04733134298658,594.0919827704447,528.97607441211335,773.67262688576909,0.733126861832827,0.5017145885651981,0.2314122732676289,0.37993455031164669,0.37989803820059886,0.32129101715762948,0.30633135185525506,0.34094881088615453,0.31937641845904413,0.31868530661665995,0.30331793512506711
period,Contributory pensioners share,Moratorium pensioners share,Universal pensioners share,Retirement coverage for legal age,Retirement coverage 65+,All coverage legal age,All coverage 65+,Contributory retirement coverage legal age,Contributory retirement coverage 65+,Survivors benefit coverage legal age,Survivors benefit coverage 65+,Moratorium benefit coverage legal age,Moratorium benefit coverage 65+,PUAM coverage legal age,PUAM coverage 65+,Mean contributory retirement pension,Mean survivors benefit,Mean moratorium pension,Mean universal pension,Mean retirement pension,Mean pension benefit,Median pension benefit,Median pension to labour income ratio,Mean pension to labour income ratio,Mean family benefit,Mean child benefits,Mean contributory child benefits,Mean AUH benefits,Child benefit coverage,Contributory child benefit coverage,AUH coverage,"Gini, retirement age","Gini, retirement age, non labour income","Gini, 65+","Gini, 65+, non labour income","Gini, retirement age, has income","Gini, retirement age, (has) non labour income","Gini, 65+, has income","Gini, 65+, (has) non labour income"
102,0.5786671180368219,0.19575031976250676,0.2255825622006713,0.8575685102831306,0.9874339792703996,0.8829199287010933,0.9893629703361386,0.4962466983646699,0.5622506946172533,0.19812792848681635,0.20065701095094507,0.1678693101061794,0.19753920828756988,0.19345250181228135,0.22764407636557646,5456.5956333951472,3765.0339437179668,3158.943868889336,2534.8341223039615,4347.7311179789913,4908.4950072343927,3246.5685688126864,0.5368153417584953,0.7428684787552554,468.26638290981475,472.56066972419808,403.76175721766134,653.80743763067653,0.7395586424554345,0.49641089663645976,0.24314774581897472,0.38111407941023479,0.38291358304100831,0.32070611669613003,0.30774235203046707,0.34087453227905995,0.32130957010603611,0.31771767028105047,0.30434717782812648
period,Contributory pensioners share,Moratorium pensioners share,Universal pensioners share,Retirement coverage for legal age,Retirement coverage 65+,All coverage legal age,All coverage 65+,Contributory retirement coverage legal age,Contributory retirement coverage 65+,Survivors benefit coverage legal age,Survivors benefit coverage 65+,Moratorium benefit coverage legal age,Moratorium benefit coverage 65+,PUAM coverage legal age,PUAM coverage 65+,Mean contributory retirement pension,Mean survivors benefit,Mean moratorium pension,Mean universal pension,Mean retirement pension,Mean pension benefit,Median pension benefit,Median pension to labour income ratio,Mean pension to labour income ratio,Mean family benefit,Mean child benefits,Mean contributory child benefits,Mean AUH benefits,Child benefit coverage,Contributory child benefit coverage,AUH coverage,"Gini, retirement age","Gini, retirement age, non labour income","Gini, 65+","Gini, 65+, non labour income","Gini, retirement age, has income","Gini, retirement age, (has) non labour income","Gini, 65+, has income","Gini, 65+, (has) non labour income"
103,0.5727277846956718,0.19403069876291368,0.23324151654141453,0.8562315759470137,0.9870968116765001,0.8812196013171557,0.9888445683768445,0.490387613678617,0.5558866612997055,0.1989803080292706,0.20211155482143656,0.16613521098386988,0.19581897393369538,0.19970875128452684,0.23539117644309915,5483.8596945929212,3772.6895619200473,3158.9129165451,2531.9156587953698,4344.2327430069126,4916.3813232624052,3246.5685688126864,0.5361287315077358,0.745433196556136,467.8561470833713,468.57396089241252,407.80353461342759,638.41739965348404,0.7414502905525835,0.5162571246197828,0.22519316593280073,0.38398749090668816,0.38534563496871183,0.32503622906675211,0.30981687845260858,0.34329367223095358,0.32246861272854904,0.32160431329208977,0.30615907803906539
period,Contributory pensioners share,Moratorium pensioners share,Universal pensioners share,Retirement coverage for legal age,Retirement coverage 65+,All coverage legal age,All coverage 65+,Contributory retirement coverage legal age,Contributory retirement coverage 65+,Survivors benefit coverage legal age,Survivors benefit coverage 65+,Moratorium benefit coverage legal age,Moratorium benefit coverage 65+,PUAM coverage legal age,PUAM coverage 65+,Mean contributory retirement pension,Mean survivors benefit,Mean moratorium pension,Mean universal pension,Mean retirement pension,Mean pension benefit,Median pension benefit,Median pension to labour income ratio,Mean pension to labour income ratio,Mean family benefit,Mean child benefits,Mean contributory child benefits,Mean AUH benefits,Child benefit coverage,Contributory child benefit coverage,AUH coverage,"Gini, retirement age","Gini, retirement age, non labour income","Gini, 65+","Gini, 65+, non labour income","Gini, retirement age, has income","Gini, retirement age, (has) non labour income","Gini, 65+, has income","Gini, 65+, (has) non labour income"
104,0.5692132912836435,0.1911044697118845,0.23968223900447203,0.8553950565922898,0.9863208038317368,0.8798298610469589,0.9881932708326658,0.48690223551065576,0.5520115817127479,0.20011055761514948,0.2042195459423958,0.16346981868423696,0.1926671178675552,0.20502300239739707,0.2416421042514337,5504.7747114424428,3787.422289612653,3158.8255323736785,2526.2481680946694,4342.5534267616313,4932.9093513197104,3246.5685688126864,0.5354566236168673,0.7481194477052464,461.83963819740541,461.36139166258511,401.49137175274132,645.68205017955256,0.7329661457902134,0.5230291684458219,0.2101390191372715,0.3843615429685891,0.38746195158804236,0.32380188905825602,0.31155923857305218,0.34261932470306572,0.32438493501728161,0.32031898796350805,0.30750925873180657
period,Contributory pensioners share,Moratorium pensioners share,Universal pensioners share,Retirement coverage for legal age,Retirement coverage 65+,All coverage legal age,All coverage 65+,Contributory retirement coverage legal age,Contributory retirement coverage 65+,Survivors benefit coverage legal age,Survivors benefit coverage 65+,Moratorium benefit coverage legal age,Moratorium benefit coverage 65+,PUAM coverage legal age,PUAM coverage 65+,Mean contributory retirement pension,Mean survivors benefit,Mean moratorium pension,Mean universal pension,Mean retirement pension,Mean pension benefit,Median pension benefit,Median pension to labour income ratio,Mean pension to labour income ratio,Mean family benefit,Mean child benefits,Mean contributory child benefits,Mean AUH benefits,Child benefit coverage,Contributory child benefit coverage,AUH coverage,"Gini, retirement age","Gini, retirement age, non labour income","Gini, 65+","Gini, 65+, non labour income","Gini, retirement age, has income","Gini, retirement age, (has) non labour income","Gini, 65+, has income","Gini, 65+, (has) non labour income"
105,0.5655937115571,0.18913329997635905,0.24527298846654086,0.8541238798623872,0.9859083237669627,0.8788584930866271,0.987777701702156,0.48308709534091826,0.5483242067575476,0.2021647500932808,0.20630925673173464,0.16154326798698454,0.19051687387833577,0.20949351653448445,0.24706724313107936,5515.3706733384415,3814.7306495693338,3158.7059852609564,2525.7190950976228,4336.3661268757542,4945.698553994117,3246.5685688126864,0.5354566236168673,0.7495207122350813,591.26881253155477,586.41168355964874,519.72880749984415,791.19040920031364,0.7315973346019297,0.514858457080914,0.21673887752101562,0.3831065605616068,0.38886724385512428,0.32678156513463125,0.31347430531959902,0.34293123623674321,0.32554781804658856,0.32338552982311281,0.30948065077499159
period,Contributory pensioners share,Moratorium pensioners share,Universal pensioners share,Retirement coverage for legal age,Retirement coverage 65+,All coverage legal age,All coverage 65+,Contributory retirement coverage legal age,Contributory retirement coverage 65+,Survivors benefit coverage legal age,Survivors benefit coverage 65+,Moratorium benefit coverage legal age,Moratorium benefit coverage 65+,PUAM coverage legal age,PUAM coverage 65+,Mean contributory retirement pension,Mean survivors benefit,Mean moratorium pension,Mean universal pension,Mean retirement pension,Mean pension benefit,Median pension benefit,Median pension to labour income ratio,Mean pension to labour income ratio,Mean family benefit,Mean child benefits,Mean contributory child benefits,Mean AUH benefits,Child benefit coverage,Contributory child benefit coverage,AUH coverage,"Gini, retirement age","Gini, retirement age, non labour income","Gini, 65+","Gini, 65+, non labour income","Gini, retirement age, has income","Gini, retirement age, (has) non labour income","Gini, 65+, has income","Gini, 65+, (has) non labour income"
106,0.561449912113518,0.18696509383036403,0.25158499405611795,0.8556511692475038,0.9857065651130555,0.879515126876782,0.987355299683733,0.48040527377383996,0.5432050931620995,0.20175768514476508,0.2058523723513915,0.15997690114442026,0.1886496696924613,0.21526899432924362,0.2538518022584948,5545.6095966294561,3836.7100924263323,3158.6181396799639,2525.6463148304124,4339.5480706075095,4960.1306138707423,3246.5685688126864,0.5330169529263542,0.7529766787386715,468.00701300107892,466.65172794191778,403.8212577890763,652.24111532541212,0.7463963253381676,0.521664486412851,0.22473183892531662,0.38845464295795401,0.38998573742632414,0.32863602255321855,0.31514205181834631,0.34713240567974551,0.32673354196372834,0.32505273420048381,0.31105477833801282
period,Contributory pensioners share,Moratorium pensioners share,Universal pensioners share,Retirement coverage for legal age,Retirement coverage 65+,All coverage legal age,All coverage 65+,Contributory retirement coverage legal age,Contributory retirement coverage 65+,Survivors benefit coverage legal age,Survivors benefit coverage 65+,Moratorium benefit coverage legal age,Moratorium benefit coverage 65+,PUAM coverage legal age,PUAM coverage 65+,Mean contributory retirement pension,Mean survivors benefit,Mean moratorium pension,Mean universal pension,Mean retirement pension,Mean pension benefit,Median pension benefit,Median pension to labour income ratio,Mean pension to labour income ratio,Mean family benefit,Mean child benefits,Mean contributory child benefits,Mean AUH benefits,Child benefit coverage,Contributory child benefit coverage,AUH coverage,"Gini, retirement age","Gini, retirement age, non labour income","Gini, 65+","Gini, 65+, non labour income","Gini, retirement age, has income","Gini, retirement age, (has) non labour income","Gini, 65+, has income","Gini, 65+, (has) non labour income"
107,0.5534142824182312,0.18514910188483416,0.26143661569693455,0.854828885135206,0.9847103921182032,0.8789288869415668,0.9863986691937981,0.4730745140574767,0.5345242258843391,0.20518975818711965,0.21020709135818125,0.15827080034799748,0.1866418048712342,0.2234835707297319,0.2635443613626298,5564.5139714288525,3845.1763918145762,3158.5577156736144,2526.1287100003765,4324.7081715702652,4965.2627355970262,3246.5685688126864,0.5294513884312942,0.7514859483864766,460.90226963302621,461.59074949213294,403.4686883819133,645.84047813040138,0.7328199187910436,0.5269534994941629,0.20586641929688057,0.3914880863007103,0.39128787757208822,0.33307289290557535,0.31735039532894976,0.35095125362251195,0.32897030823491663,0.32878449756393718,0.31274469333733029
period,Contributory pensioners share,Moratorium pensioners share,Universal pensioners share,Retirement coverage for legal age,Retirement coverage 65+,All coverage legal age,All coverage 65+,Contributory retirement coverage legal age,Contributory retirement coverage 65+,Survivors benefit coverage legal age,Survivors benefit coverage 65+,Moratorium benefit coverage legal age,Moratorium benefit coverage 65+,PUAM coverage legal age,PUAM coverage 65+,Mean contributory retirement pension,Mean survivors benefit,Mean moratorium pension,Mean universal pension,Mean retirement pension,Mean pension benefit,Median pension benefit,Median pension to labour income ratio,Mean pension to labour income ratio,Mean family benefit,Mean child benefits,Mean contributory child benefits,Mean AUH benefits,Child benefit coverage,Contributory child benefit coverage,AUH coverage,"Gini, retirement age","Gini, retirement age, non labour income","Gini, 65+","Gini, 65+, non labour income","Gini, retirement age, has income","Gini, retirement age, (has) non labour income","Gini, 65+, has income","Gini, 65+, (has) non labour income"
108,0.547000337357768,0.18295051003071397,0.270049152611518,0.852161370327148,0.9841515497900268,0.8763759539926865,0.9858288740444161,0.46613255705220785,0.5278118128808954,0.20539211175916855,0.21175505061380076,0.15590335732982386,0.1842994476592886,0.2301254559451163,0.2720402892498428,5597.0637248261501,3857.7466920383281,3158.4797606561501,2526.5367012396446,4321.7303240382262,4971.6201632732718,3246.5685688126864,0.5213964693301728,0.7528468353406581,465.64677304853336,460.23567591008145,405.31643826597855,629.38245447896179,0.737558971964467,0.5345841431205461,0.20297482884392082,0.39223290904069369,0.39377540008083622,0.33385604279391601,0.31882801717840986,0.35099568607341181,0.33074987115363258,0.3293378869135335,0.31393103993358634
period,Contributory pensioners share,Moratorium pensioners share,Universal pensioners share,Retirement coverage for legal age,Retirement coverage 65+,All coverage legal age,All coverage 65+,Contributory retirement coverage legal age,Contributory retirement coverage 65+,Survivors benefit coverage legal age,Survivors benefit coverage 65+,Moratorium benefit coverage legal age,Moratorium benefit coverage 65+,PUAM coverage legal age,PUAM coverage 65+,Mean contributory retirement pension,Mean survivors benefit,Mean moratorium pension,Mean universal pension,Mean retirement pension,Mean pension benefit,Median pension benefit,Median pension to labour income ratio,Mean pension to labour income ratio,Mean family benefit,Mean child benefits,Mean contributory child benefits,Mean AUH benefits,Child benefit coverage,Contributory child benefit coverage,AUH coverage,"Gini, retirement age","Gini, retirement age, non labour income","Gini, 65+","Gini, 65+, non labour income","Gini, retirement age, has income","Gini, retirement age, (has) non labour income","Gini, 65+, has income","Gini, 65+, (has) non labour income"
109,0.54244899223853,0.1810523326494808,0.27649867511198906,0.8494611644650399,0.9835358252004632,0.873437480570834,0.9854498466864855,0.4607893526098292,0.5223837731107521,0.206584570237212,0.21433376856175448,0.15379692532153974,0.18247726115918295,0.234874886533671,0.2786747909305282,5599.371369163513,3874.875908020852,3158.3623893021781,2526.2231468539653,4307.6995874499344,4974.0790413262048,3246.5685688126864,0.5265866524893077,0.751621631864681,585.99230443798137,578.34886665880742,517.76101970627633,772.41548476792161,0.7451195554943921,0.5394553774169132,0.20566417807747883,0.39503731805603265,0.39547243436748619,0.33380958347993817,0.31926308776612705,0.35302702072371672,0.33154469992819752,0.32924356494757012,0.31417746823186482
period,Contributory pensioners share,Moratorium pensioners share,Universal pensioners share,Retirement coverage for legal age,Retirement coverage 65+,All coverage legal age,All coverage 65+,Contributory retirement coverage legal age,Contributory retirement coverage 65+,Survivors benefit coverage legal age,Survivors benefit coverage 65+,Moratorium benefit coverage legal age,Moratorium benefit coverage 65+,PUAM coverage legal age,PUAM coverage 65+,Mean contributory retirement pension,Mean survivors benefit,Mean moratorium pension,Mean universal pension,Mean retirement pension,Mean pension benefit,Median pension benefit,Median pension to labour income ratio,Mean pension to labour income ratio,Mean family benefit,Mean child benefits,Mean contributory child benefits,Mean AUH benefits,Child benefit coverage,Contributory child benefit coverage,AUH coverage,"Gini, retirement age","Gini, retirement age, non labour income","Gini, 65+","Gini, 65+, non labour income","Gini, retirement age, has income","Gini, retirement age, (has) non labour income","Gini, 65+, has income","Gini, 65+, (has) non labour income"
110,0.5388332973178532,0.17873233755987725,0.28243436512226955,0.8472254841587009,0.9819599169589301,0.8718824363162124,0.98452334166695,0.4565133012009474,0.5169399527177511,0.20744292741282103,0.21611245222313877,0.15142659122398336,0.1802257290854795,0.2392855917337701,0.28479423515569957,5634.6403956016966,3887.7890252854681,3158.2722926705464,2526.5121511003649,4314.1911084517651,4987.5199771461585,3246.5685688126864,0.5323575168868157,0.7535438530020782,463.15479011798823,465.06828083822256,411.1825925200618,641.91631046860005,0.7435170590924429,0.5410404523992723,0.20247660669317055,0.39649045377843822,0.3974515301505307,0.33470369972838337,0.32065863133978345,0.3541830096679679,0.33387245178554886,0.32978377300542278,0.31490891129841692
period,Contributory pensioners share,Moratorium pensioners share,Universal pensioners share,Retirement coverage for legal age,Retirement coverage 65+,All coverage legal age,All coverage 65+,Contributory retirement coverage legal age,Contributory retirement coverage 65+,Survivors benefit coverage legal age,Survivors benefit coverage 65+,Moratorium benefit coverage legal age,Moratorium benefit coverage 65+,PUAM coverage legal age,PUAM coverage 65+,Mean contributory retirement pension,Mean survivors benefit,Mean moratorium pension,Mean universal pension,Mean retirement pension,Mean pension benefit,Median pension benefit,Median pension to labour income ratio,Mean pension to labour income ratio,Mean family benefit,Mean child benefits,Mean contributory child benefits,Mean AUH benefits,Child benefit coverage,Contributory child benefit coverage,AUH coverage,"Gini, retirement age","Gini, retirement age, non labour income","Gini, 65+","Gini, 65+, non labour income","Gini, retirement age, has income","Gini, retirement age, (has) non labour income","Gini, 65+, has income","Gini, 65+, (has) non labour income"
111,0.5345992684880208,0.17687583284411867,0.28852489866786063,0.84683128848242,0.9816417588655246,0.8715565153749424,0.9841690409166818,0.4527153873554698,0.5129108447295304,0.20731955369354418,0.2157232803994343,0.14978398942878615,0.17814147078850273,0.24433191169816407,0.29058944334749154,5652.8375908278904,3884.7149442162467,3157.4421829566213,2526.7608289015948,4309.5114688225322,4983.9213282391856,3246.5685688126864,0.5375841870236433,0.7602233483003858,470.56657199721064,469.13192580641942,412.09677083375129,680.70565263598587,0.75672638431372,0.5510947925407617,0.20563159177295837,0.39624108722268114,0.39761297909996129,0.3342603101919468,0.3207104233372533,0.3534728008208482,0.33369339733881065,0.32859785586640156,0.31473691578220542
period,Contributory pensioners share,Moratorium pensioners share,Universal pensioners share,Retirement coverage for legal age,Retirement coverage 65+,All coverage legal age,All coverage 65+,Contributory retirement coverage legal age,Contributory retirement coverage 65+,Survivors benefit coverage legal age,Survivors benefit coverage 65+,Moratorium benefit coverage legal age,Moratorium benefit coverage 65+,PUAM coverage legal age,PUAM coverage 65+,Mean contributory retirement pension,Mean survivors benefit,Mean moratorium pension,Mean universal pension,Mean retirement pension,Mean pension benefit,Median pension benefit,Median pension to labour income ratio,Mean pension to labour income ratio,Mean family benefit,Mean child benefits,Mean contributory child benefits,Mean AUH benefits,Child benefit coverage,Contributory child benefit coverage,AUH coverage,"Gini, retirement age","Gini, retirement age, non labour income","Gini, 65+","Gini, 65+, non labour income","Gini, retirement age, has income","Gini, retirement age, (has) non labour income","Gini, 65+, has income","Gini, 65+, (has) non labour income"
112,0.5315717545111935,0.17433121144466202,0.29409703404414445,0.8479054380219514,0.9808752846061939,0.8734587196963962,0.9834403918566476,0.4507225813489108,0.5097004510001746,0.20706801210963796,0.2140286862281142,0.14781638220088356,0.1753533872814619,0.24936647447215704,0.2958214463245574,5678.1575146244595,3883.3306665172686,3155.4060847715787,2527.2252092847348,4311.6833562101629,4981.3924583326825,3246.5685688126864,0.5330169529263542,0.7547926335148761,463.32284030402786,463.00198104469439,400.51269593256626,657.25023724220341,0.756743630037416,0.5354137112848274,0.22132991875258856,0.39658864130871246,0.39603022048539865,0.33542499874641812,0.32154930179862456,0.35645268550730819,0.33510805636314134,0.32999573665494314,0.31562173009181194
period,Contributory pensioners share,Moratorium pensioners share,Universal pensioners share,Retirement coverage for legal age,Retirement coverage 65+,All coverage legal age,All coverage 65+,Contributory retirement coverage legal age,Contributory retirement coverage 65+,Survivors benefit coverage legal age,Survivors benefit coverage 65+,Moratorium benefit coverage legal age,Moratorium benefit coverage 65+,PUAM coverage legal age,PUAM coverage 65+,Mean contributory retirement pension,Mean survivors benefit,Mean moratorium pension,Mean universal pension,Mean retirement pension,Mean pension benefit,Median pension benefit,Median pension to labour income ratio,Mean pension to labour income ratio,Mean family benefit,Mean child benefits,Mean contributory child benefits,Mean AUH benefits,Child benefit coverage,Contributory child benefit coverage,AUH coverage,"Gini, retirement age","Gini, retirement age, non labour income","Gini, 65+","Gini, 65+, non labour income","Gini, retirement age, has income","Gini, retirement age, (has) non labour income","Gini, 65+, has income","Gini, 65+, (has) non labour income"
113,0.5270662562603345,0.17222396087273045,0.30070978286693506,0.847729969969387,0.9803839663912645,0.8735893386976327,0.9832629359022108,0.4468098615914506,0.5055060890684187,0.20881437214867407,0.21592606653006333,0.14599941317864867,0.17293193823867903,0.25492069519928773,0.3019459390841667,5694.7437597598,3888.3045916712595,3157.2656600986752,2527.4992303206591,4305.3078160742207,4985.6772371911147,3216.1252972759157,0.5233289217410279,0.7534240450685632,577.54052329683429,574.27613843175345,512.15455439241748,767.76852043987492,0.7673335759098602,0.5508669761426279,0.21646659976723226,0.39541258706822924,0.39574559254052721,0.33730037910274485,0.32272136740049828,0.35677737643621688,0.33640042116003799,0.33171751959766471,0.31667784178515729
period,Contributory pensioners share,Moratorium pensioners share,Universal pensioners share,Retirement coverage for legal age,Retirement coverage 65+,All coverage legal age,All coverage 65+,Contributory retirement coverage legal age,Contributory retirement coverage 65+,Survivors benefit coverage legal age,Survivors benefit coverage 65+,Moratorium benefit coverage legal age,Moratorium benefit coverage 65+,PUAM coverage legal age,PUAM coverage 65+,Mean contributory retirement pension,Mean survivors benefit,Mean moratorium pension,Mean universal pension,Mean retirement pension,Mean pension benefit,Median pension benefit,Median pension to labour income ratio,Mean pension to labour income ratio,Mean family benefit,Mean child benefits,Mean contributory child benefits,Mean AUH benefits,Child benefit coverage,Contributory child benefit coverage,AUH coverage,"Gini, retirement age","Gini, retirement age, non labour income","Gini, 65+","Gini, 65+, non labour income","Gini, retirement age, has income","Gini, retirement age, (has) non labour income","Gini, 65+, has income","Gini, 65+, (has) non labour income"
114,0.5204833624836394,0.16989789123038349,0.3096187462859772,0.8473462774577823,0.9789867139457082,0.8734529976841234,0.9818449526761747,0.4410296396792213,0.49870725333958565,0.20972442839370867,0.21631826036462282,0.14396234568199265,0.17016816763831724,0.26235429209656835,0.3101112929678053,5714.6231533297014,3907.9162848457963,3156.4406525496961,2530.4540285939611,4294.1148887015115,4987.151618561521,3212.5314771847529,0.5232713734018559,0.7531321480844541,459.65200567856505,461.70905319516544,394.54749210180927,681.56537244515118,0.7771313532939133,0.5479678677823755,0.22919391843939946,0.39332737282993274,0.39601029082826977,0.33643957580564132,0.32406771032204501,0.35519438086851873,0.33872458910991965,0.33059086321080378,0.31740617520928183
period,Contributory pensioners share,Moratorium pensioners share,Universal pensioners share,Retirement coverage for legal age,Retirement coverage 65+,All coverage legal age,All coverage 65+,Contributory retirement coverage legal age,Contributory retirement coverage 65+,Survivors benefit coverage legal age,Survivors benefit coverage 65+,Moratorium benefit coverage legal age,Moratorium benefit coverage 65+,PUAM coverage legal age,PUAM coverage 65+,Mean contributory retirement pension,Mean survivors benefit,Mean moratorium pension,Mean universal pension,Mean retirement pension,Mean pension benefit,Median pension benefit,Median pension to labour income ratio,Mean pension to labour income ratio,Mean family benefit,Mean child benefits,Mean contributory child benefits,Mean AUH benefits,Child benefit coverage,Contributory child benefit coverage,AUH coverage,"Gini, retirement age","Gini, retirement age, non labour income","Gini, 65+","Gini, 65+, non labour income","Gini, retirement age, has income","Gini, retirement age, (has) non labour income","Gini, 65+, has income","Gini, 65+, (has) non labour income"
115,0.5148058968544557,0.1665380472657476,0.3186560558797967,0.84717399446242,0.9784924482513029,0.8717355196628738,0.9813222343227732,0.4361301680109978,0.4927998843120334,0.2079895267942371,0.2158510884843369,0.1410867027320947,0.16670913897252504,0.2699571237193275,0.3189834249667444,5741.7181143933385,3915.2056464808293,3150.4846173716846,2530.69697408403,4286.9678158721463,4987.010740527312,3212.5314771847529,0.5234403018129742,0.7535442130133352,462.36757268509751,462.37415106766406,399.4711365278884,660.28998162073424,0.7523213708034501,0.5329379357099755,0.21938343509347463,0.39637121383175877,0.39768550305055789,0.33828729808556274,0.32462775226118895,0.3567709690667466,0.33864560024820983,0.33239538908806826,0.31786245278355829
period,Contributory pensioners share,Moratorium pensioners share,Universal pensioners share,Retirement coverage for legal age,Retirement coverage 65+,All coverage legal age,All coverage 65+,Contributory retirement coverage legal age,Contributory retirement coverage 65+,Survivors benefit coverage legal age,Survivors benefit coverage 65+,Moratorium benefit coverage legal age,Moratorium benefit coverage 65+,PUAM coverage legal age,PUAM coverage 65+,Mean contributory retirement pension,Mean survivors benefit,Mean moratorium pension,Mean universal pension,Mean retirement pension,Mean pension benefit,Median pension benefit,Median pension to labour income ratio,Mean pension to labour income ratio,Mean family benefit,Mean child benefits,Mean contributory child benefits,Mean AUH benefits,Child benefit coverage,Contributory child benefit coverage,AUH coverage,"Gini, retirement age","Gini, retirement age, non labour income","Gini, 65+","Gini, 65+, non labour income","Gini, retirement age, has income","Gini, retirement age, (has) non labour income","Gini, 65+, has income","Gini, 65+, (has) non labour income"
116,0.5097323265188881,0.16340166179586418,0.32686601168524776,0.8445983749448805,0.9783767610362012,0.8686936655724439,0.9811760781207379,0.4305190946347261,0.4880494472717303,0.2073338080057909,0.21618911087644405,0.13800877801607986,0.1634215393483482,0.2760705022940746,0.32690577441612273,5755.4908894210948,3914.8000164488753,3147.0086092198012,2530.8911552833838,4275.2484956922335,4979.4239554725655,3212.5314771847529,0.5206935694749096,0.7525285116597311,469.13647902752217,466.69833981731927,404.58137110575433,671.53775716722737,0.7461741226020719,0.5299380343739265,0.21623608822814544,0.39802378945075395,0.40046527904676055,0.3386542153178298,0.32538088700192852,0.35674029892650627,0.33944793902812498,0.33222534705212431,0.31843724804768564
period,Contributory pensioners share,Moratorium pensioners share,Universal pensioners share,Retirement coverage for legal age,Retirement coverage 65+,All coverage legal age,All coverage 65+,Contributory retirement coverage legal age,Contributory retirement coverage 65+,Survivors benefit coverage legal age,Survivors benefit coverage 65+,Moratorium benefit coverage legal age,Moratorium benefit coverage 65+,PUAM coverage legal age,PUAM coverage 65+,Mean contributory retirement pension,Mean survivors benefit,Mean moratorium pension,Mean universal pension,Mean retirement pension,Mean pension benefit,Median pension benefit,Median pension to labour income ratio,Mean pension to labour income ratio,Mean family benefit,Mean child benefits,Mean contributory child benefits,Mean AUH benefits,Child benefit coverage,Contributory child benefit coverage,AUH coverage,"Gini, retirement age","Gini, retirement age, non labour income","Gini, 65+","Gini, 65+, non labour income","Gini, retirement age, has income","Gini, retirement age, (has) non labour income","Gini, 65+, has income","Gini, 65+, (has) non labour income"
117,0.5066608641329716,0.16234623578174517,0.3309929000852832,0.8421522315089833,0.9776308988537045,0.8654332163041178,0.9806998945003551,0.42668557734785184,0.4851600981050937,0.2078898761518524,0.21860801661835452,0.13672024474068026,0.16206048724159652,0.2787464094204512,0.3304103135070142,5773.1774496783437,3922.6397235400868,3146.8444777447316,2530.3865064143906,4273.4613990942125,4989.7602245353355,3212.5314771847529,0.5210405475985382,0.756886874370961,584.67847128934727,586.97178896744913,528.25133021824206,795.9965246582982,0.7648842727087939,0.5565224430177778,0.20836182969101613,0.39809521008542792,0.40172801717451978,0.33788649179210423,0.32578271778882573,0.35559245966789771,0.33853457083791316,0.3320814220347606,0.31901249608739163
period,Contributory pensioners share,Moratorium pensioners share,Universal pensioners share,Retirement coverage for legal age,Retirement coverage 65+,All coverage legal age,All coverage 65+,Contributory retirement coverage legal age,Contributory retirement coverage 65+,Survivors benefit coverage legal age,Survivors benefit coverage 65+,Moratorium benefit coverage legal age,Moratorium benefit coverage 65+,PUAM coverage legal age,PUAM coverage 65+,Mean contributory retirement pension,Mean survivors benefit,Mean moratorium pension,Mean universal pension,Mean retirement pension,Mean pension benefit,Median pension benefit,Median pension to labour income ratio,Mean pension to labour income ratio,Mean family benefit,Mean child benefits,Mean contributory child benefits,Mean AUH benefits,Child benefit coverage,Contributory child benefit coverage,AUH coverage,"Gini, retirement age","Gini, retirement age, non labour income","Gini, 65+","Gini, 65+, non labour income","Gini, retirement age, has income","Gini, retirement age, (has) non labour income","Gini, 65+, has income","Gini, 65+, (has) non labour income"
118,0.5030626727509443,0.16012491487380517,0.3368124123752505,0.8405945571183431,0.976979772267594,0.8640810450282473,0.9801574554629444,0.42287174460385,0.4807560140665941,0.20830094084299344,0.2194903194117878,0.13460013190195863,0.15989498611456093,0.2831226806125345,0.33632877208643897,5786.4326148257005,3942.398088954269,3146.5259677371801,2530.5061328480151,4267.0813347744916,4992.4859665665781,3246.5685688126864,0.5247061406165304,0.7590534728692198,477.34473650958654,463.2588732722964,409.09149153256908,652.69001892026881,0.7638167060880492,0.5605615337443466,0.20325517234370266,0.39976509675205063,0.40294435450971705,0.33780203630865724,0.32616711051608588,0.35629955373331351,0.33943543052450104,0.33156478863390415,0.31896843287117105
period,Contributory pensioners share,Moratorium pensioners share,Universal pensioners share,Retirement coverage for legal age,Retirement coverage 65+,All coverage legal age,All coverage 65+,Contributory retirement coverage legal age,Contributory retirement coverage 65+,Survivors benefit coverage legal age,Survivors benefit coverage 65+,Moratorium benefit coverage legal age,Moratorium benefit coverage 65+,PUAM coverage legal age,PUAM coverage 65+,Mean contributory retirement pension,Mean survivors benefit,Mean moratorium pension,Mean universal pension,Mean retirement pension,Mean pension benefit,Median pension benefit,Median pension to labour income ratio,Mean pension to labour income ratio,Mean family benefit,Mean child benefits,Mean contributory child benefits,Mean AUH benefits,Child benefit coverage,Contributory child benefit coverage,AUH coverage,"Gini, retirement age","Gini, retirement age, non labour income","Gini, 65+","Gini, 65+, non labour income","Gini, retirement age, has income","Gini, retirement age, (has) non labour income","Gini, 65+, has income","Gini, 65+, (has) non labour income"
119,0.5015520218783297,0.1571968483017634,0.34125112981990696,0.8395027549987113,0.9760674848216567,0.863050185778662,0.9796912100816055,0.42105430414203165,0.47915617116800086,0.20869558775190467,0.22092384157476933,0.13196718722644488,0.1567122263916105,0.28648126363023474,0.34019908726204545,5818.1423183507995,3955.9850871375338,3146.2322026616102,2530.6331343544125,4276.2602458867705,5009.0972384180131,3246.5685688126864,0.5186993057302243,0.7622486238376868,472.65422041919226,460.25895076308024,403.379587429867,654.98140129782507,0.7579155216426203,0.5526626475736931,0.20525287406892725,0.39971290706633722,0.40476317207260698,0.33850502361651519,0.32723245058405354,0.35472243929311703,0.33886824146000089,0.33197137444120223,0.31989400876098262
period,Contributory pensioners share,Moratorium pensioners share,Universal pensioners share,Retirement coverage for legal age,Retirement coverage 65+,All coverage legal age,All coverage 65+,Contributory retirement coverage legal age,Contributory retirement coverage 65+,Survivors benefit coverage legal age,Survivors benefit coverage 65+,Moratorium benefit coverage legal age,Moratorium benefit coverage 65+,PUAM coverage legal age,PUAM coverage 65+,Mean contributory retirement pension,Mean survivors benefit,Mean moratorium pension,Mean universal pension,Mean retirement pension,Mean pension benefit,Median pension benefit,Median pension to labour income ratio,Mean pension to labour income ratio,Mean family benefit,Mean child benefits,Mean contributory child benefits,Mean AUH benefits,Child benefit coverage,Contributory child benefit coverage,AUH coverage,"Gini, retirement age","Gini, retirement age, non labour income","Gini, 65+","Gini, 65+, non labour income","Gini, retirement age, has income","Gini, retirement age, (has) non labour income","Gini, 65+, has income","Gini, 65+, (has) non labour income"
120,0.49718796407952276,0.1548956186502135,0.34791641727026373,0.8397082464279865,0.9766030266717056,0.8633258013209871,0.9802121035970175,0.4174928334623168,0.4749189675531256,0.20920332474564904,0.22144610722592448,0.13006712831614892,0.15454813559079728,0.2921482846495208,0.3471359235277828,5849.1428692836116,3969.5563093759883,3133.0296893468703,2530.7856827753103,4273.9178944003106,5016.7204449429091,3246.5685688126864,0.5159287561425022,0.7621043221875455,472.31668158247152,456.90826329022104,404.06610134888331,657.78069046864584,0.7665549785534538,0.5739231559778591,0.1926318225755946,0.40032844103635712,0.40505824255497297,0.33777187301609024,0.32760644616327556,0.35563075436915814,0.33993599825390969,0.33127387722982837,0.3202152237139107
period,Contributory pensioners share,Moratorium pensioners share,Universal pensioners share,Retirement coverage for legal age,Retirement coverage 65+,All coverage legal age,All coverage 65+,Contributory retirement coverage legal age,Contributory retirement coverage 65+,Survivors benefit coverage legal age,Survivors benefit coverage 65+,Moratorium benefit coverage legal age,Moratorium benefit coverage 65+,PUAM coverage legal age,PUAM coverage 65+,Mean contributory retirement pension,Mean survivors benefit,Mean moratorium pension,Mean universal pension,Mean retirement pension,Mean pension benefit,Median pension benefit,Median pension to labour income ratio,Mean pension to labour income ratio,Mean family benefit,Mean child benefits,Mean contributory child benefits,Mean AUH benefits,Child benefit coverage,Contributory child benefit coverage,AUH coverage,"Gini, retirement age","Gini, retirement age, non labour income","Gini, 65+","Gini, 65+, non labour income","Gini, retirement age, has income","Gini, retirement age, (has) non labour income","Gini, 65+, has income","Gini, 65+, (has) non labour income"
121,0.49445431745010177,0.15397114669602618,0.351574535853872,0.8378990501961741,0.9759939649761306,0.8623719352035197,0.9798266658220705,0.41430280295683786,0.47189947769402196,0.20881128383204325,0.2209535107369294,0.12901227757421613,0.1535291644831935,0.2945839696651201,0.35056532279891506,5858.6537811161515,3970.3943459228758,3130.1893372186883,2530.5994899083607,4268.4898392420582,5009.9925415003663,3246.5685688126864,0.5237277367623098,0.7620624772652788,577.61132976728879,577.02747046603884,519.53716539796915,793.99537478246873,0.7749263927163444,0.5761541973248165,0.1987721953915279,0.40053140934584747,0.40458520731373521,0.33761638742737965,0.32667875794978607,0.3553121803641649,0.33868515547143857,0.33066311296197476,0.31887726229293578
period,Contributory pensioners share,Moratorium pensioners share,Universal pensioners share,Retirement coverage for legal age,Retirement coverage 65+,All coverage legal age,All coverage 65+,Contributory retirement coverage legal age,Contributory retirement coverage 65+,Survivors benefit coverage legal age,Survivors benefit coverage 65+,Moratorium benefit coverage legal age,Moratorium benefit coverage 65+,PUAM coverage legal age,PUAM coverage 65+,Mean contributory retirement pension,Mean survivors benefit,Mean moratorium pension,Mean universal pension,Mean retirement pension,Mean pension benefit,Median pension benefit,Median pension to labour income ratio,Mean pension to labour income ratio,Mean family benefit,Mean child benefits,Mean contributory child benefits,Mean AUH benefits,Child benefit coverage,Contributory child benefit coverage,AUH coverage,"Gini, retirement age","Gini, retirement age, non labour income","Gini, 65+","Gini, 65+, non labour income","Gini, retirement age, has income","Gini, retirement age, (has) non labour income","Gini, 65+, has income","Gini, 65+, (has) non labour income"
122,0.4916718789177989,0.15122807065883773,0.3571000504233634,0.8373537989208345,0.9743734351315427,0.861058408138655,0.9783587325720423,0.41170331563436346,0.4680737103928763,0.20838671992764546,0.2214669078062065,0.12663139946964616,0.1506246209324855,0.2990190838168249,0.3556751038061809,5881.0143740961548,3977.2282897132704,3129.6965741570853,2530.7366102643518,4268.5535330454413,5016.5491663030716,3246.5685688126864,0.5186818803680001,0.7625410737977693,470.80999568980621,455.66489339159432,398.72527708864567,664.87501998414825,0.772127854926218,0.5704408157093918,0.20168703921682626,0.40111755923657932,0.40513624473653237,0.33873399700694695,0.32780065440714784,0.35669233054174326,0.34082722503310592,0.33114535606851592,0.31909313184453791
period,Contributory pensioners share,Moratorium pensioners share,Universal pensioners share,Retirement coverage for legal age,Retirement coverage 65+,All coverage legal age,All coverage 65+,Contributory retirement coverage legal age,Contributory retirement coverage 65+,Survivors benefit coverage legal age,Survivors benefit coverage 65+,Moratorium benefit coverage legal age,Moratorium benefit coverage 65+,PUAM coverage legal age,PUAM coverage 65+,Mean contributory retirement pension,Mean survivors benefit,Mean moratorium pension,Mean universal pension,Mean retirement pension,Mean pension benefit,Median pension benefit,Median pension to labour income ratio,Mean pension to labour income ratio,Mean family benefit,Mean child benefits,Mean contributory child benefits,Mean AUH benefits,Child benefit coverage,Contributory child benefit coverage,AUH coverage,"Gini, retirement age","Gini, retirement age, non labour income","Gini, 65+","Gini, 65+, non labour income","Gini, retirement age, has income","Gini, retirement age, (has) non labour income","Gini, 65+, has income","Gini, 65+, (has) non labour income"
123,0.4868936052481278,0.14910358788555034,0.36400280686632186,0.8374927710647588,0.9742080028372083,0.8615845061334827,0.9781944169741446,0.4077698746729654,0.4632017714364959,0.20701816099711035,0.21914615487792957,0.12487317699396737,0.14849330141473938,0.3048497193978261,0.3625129299859731,5898.1021107438091,3995.7183975369157,3122.1113891958103,2530.8913399140738,4258.5177623314703,5007.5467434565971,3246.5685688126864,0.5062360780820719,0.7581028139854121,467.90952526733525,453.9746071718738,406.57187164869856,631.66792299750284,0.7793606601555603,0.5937775877930694,0.18558307236249083,0.40193923912396667,0.40510290160241602,0.3379775637763604,0.32804594513138735,0.3587625178357251,0.34191249022254927,0.33034395159199742,0.31918920917514337
period,Contributory pensioners share,Moratorium pensioners share,Universal pensioners share,Retirement coverage for legal age,Retirement coverage 65+,All coverage legal age,All coverage 65+,Contributory retirement coverage legal age,Contributory retirement coverage 65+,Survivors benefit coverage legal age,Survivors benefit coverage 65+,Moratorium benefit coverage legal age,Moratorium benefit coverage 65+,PUAM coverage legal age,PUAM coverage 65+,Mean contributory retirement pension,Mean survivors benefit,Mean moratorium pension,Mean universal pension,Mean retirement pension,Mean pension benefit,Median pension benefit,Median pension to labour income ratio,Mean pension to labour income ratio,Mean family benefit,Mean child benefits,Mean contributory child benefits,Mean AUH benefits,Child benefit coverage,Contributory child benefit coverage,AUH coverage,"Gini, retirement age","Gini, retirement age, non labour income","Gini, 65+","Gini, 65+, non labour income","Gini, retirement age, has income","Gini, retirement age, (has) non labour income","Gini, 65+, has income","Gini, 65+, (has) non labour income"
124,0.4851355464582795,0.14659617073327635,0.36826828280844415,0.8369162742994511,0.9726157127287505,0.8612512539611665,0.9770034640022675,0.4060178340720916,0.460688795356257,0.20724903226444696,0.21936948197276804,0.1226887210366599,0.1457597728214825,0.30820971919069967,0.36616714455101096,5911.2090781530769,4006.1949934928875,3121.4802659562056,2530.9874565973464,4257.4171048184207,5010.5910508518709,3246.5685688126864,0.504792387193375,0.7578439135007611,473.09633782199614,461.14768692400798,400.97931931892788,663.18071044498913,0.7796255825176661,0.5616132105005246,0.21801237201714146,0.40112187911268998,0.40577714685129118,0.33924981359013701,0.32926379978630793,0.35805292330341493,0.34226576337862935,0.33087417495184601,0.31934948388929307
period,Contributory pensioners share,Moratorium pensioners share,Universal pensioners share,Retirement coverage for legal age,Retirement coverage 65+,All coverage legal age,All coverage 65+,Contributory retirement coverage legal age,Contributory retirement coverage 65+,Survivors benefit coverage legal age,Survivors benefit coverage 65+,Moratorium benefit coverage legal age,Moratorium benefit coverage 65+,PUAM coverage legal age,PUAM coverage 65+,Mean contributory retirement pension,Mean survivors benefit,Mean moratorium pension,Mean universal pension,Mean retirement pension,Mean pension benefit,Median pension benefit,Median pension to labour income ratio,Mean pension to labour income ratio,Mean family benefit,Mean child benefits,Mean contributory child benefits,Mean AUH benefits,Child benefit coverage,Contributory child benefit coverage,AUH coverage,"Gini, retirement age","Gini, retirement age, non labour income","Gini, 65+","Gini, 65+, non labour income","Gini, retirement age, has income","Gini, retirement age, (has) non labour income","Gini, 65+, has income","Gini, 65+, (has) non labour income"
125,0.4816266932411257,0.14425408758435668,0.3741192191745176,0.833188321466976,0.9719651670382842,0.8577657972834465,0.9763959129072134,0.4012857361152637,0.4571504600586237,0.20821854673683537,0.22079089863272297,0.12019082109916028,0.14326379244852483,0.31171176425255204,0.37155091453113565,5918.0586002534992,4022.854991508068,3118.3765434604647,2531.0136756480515,4247.0344171221213,5014.5377227649387,3246.5685688126864,0.5094737272332294,0.7597297562321662,581.88643160929314,572.25134298373519,517.5254213524189,766.38609633784108,0.8012743758886739,0.5960648003543041,0.20520957553436983,0.40100664188528584,0.40865356430478783,0.34066255645015742,0.3303746960930436,0.35676249526920134,0.34212620428821056,0.33122083000936509,0.3198666744285531
period,Contributory pensioners share,Moratorium pensioners share,Universal pensioners share,Retirement coverage for legal age,Retirement coverage 65+,All coverage legal age,All coverage 65+,Contributory retirement coverage legal age,Contributory retirement coverage 65+,Survivors benefit coverage legal age,Survivors benefit coverage 65+,Moratorium benefit coverage legal age,Moratorium benefit coverage 65+,PUAM coverage legal age,PUAM coverage 65+,Mean contributory retirement pension,Mean survivors benefit,Mean moratorium pension,Mean universal pension,Mean retirement pension,Mean pension benefit,Median pension benefit,Median pension to labour income ratio,Mean pension to labour income ratio,Mean family benefit,Mean child benefits,Mean contributory child benefits,Mean AUH benefits,Child benefit coverage,Contributory child benefit coverage,AUH coverage,"Gini, retirement age","Gini, retirement age, non labour income","Gini, 65+","Gini, 65+, non labour income","Gini, retirement age, has income","Gini, retirement age, (has) non labour income","Gini, 65+, has income","Gini, 65+, (has) non labour income"
126,0.4792467622605308,0.14319956612110818,0.377553671618361,0.8300417804114474,0.9704565078020626,0.8550221796431388,0.975229804344798,0.39779483580315267,0.45448637443464496,0.20868960168637302,0.22210343237646124,0.11886162281731141,0.14188428198814146,0.31338532179098333,0.37408585137927614,5953.1589265900338,4021.8295381745356,3118.0217100461041,2531.0720189449848,4255.1470307086247,5024.4201186661403,3246.5685688126864,0.505708736989584,0.7602154226234592,470.81850847210376,460.74145123643865,403.87555736459393,678.09244611221004,0.7999020624592744,0.5905155597240641,0.20938650273521026,0.40683087533058754,0.41056191576535078,0.3435027242252961,0.33206265762150855,0.36203731486039153,0.34427958354493593,0.33412996481549251,0.32096697473436786
period,Contributory pensioners share,Moratorium pensioners share,Universal pensioners share,Retirement coverage for legal age,Retirement coverage 65+,All coverage legal age,All coverage 65+,Contributory retirement coverage legal age,Contributory retirement coverage 65+,Survivors benefit coverage legal age,Survivors benefit coverage 65+,Moratorium benefit coverage legal age,Moratorium benefit coverage 65+,PUAM coverage legal age,PUAM coverage 65+,Mean contributory retirement pension,Mean survivors benefit,Mean moratorium pension,Mean universal pension,Mean retirement pension,Mean pension benefit,Median pension benefit,Median pension to labour income ratio,Mean pension to labour income ratio,Mean family benefit,Mean child benefits,Mean contributory child benefits,Mean AUH benefits,Child benefit coverage,Contributory child benefit coverage,AUH coverage,"Gini, retirement age","Gini, retirement age, non labour income","Gini, 65+","Gini, 65+, non labour income","Gini, retirement age, has income","Gini, retirement age, (has) non labour income","Gini, 65+, has income","Gini, 65+, (has) non labour income"
127,0.47401924219629066,0.1408345358953473,0.38514622190836206,0.8290242873500874,0.9695430825018814,0.8545480339872422,0.9748304575883997,0.3929734644520083,0.4485218361680787,0.2083418024438203,0.22186535229599283,0.1167552507549206,0.13950659663945417,0.31929557214315846,0.38151464969434845,5978.751882994904,4021.0370520662245,3116.2908136643755,2531.2235650054713,4247.8160001815195,5014.9933555258494,3246.5685688126864,0.5088579418466951,0.7609345379443756,469.51875387097033,451.61448429311616,392.89646985036239,663.12130782946815,0.7877910935776249,0.5805708507310556,0.20722024284656929,0.40893383109172943,0.4114250542392805,0.34588071453648844,0.33274809541115657,0.36539494730830829,0.34593325060536023,0.33556891563866686,0.32135456125215872
period,Contributory pensioners share,Moratorium pensioners share,Universal pensioners share,Retirement coverage for legal age,Retirement coverage 65+,All coverage legal age,All coverage 65+,Contributory retirement coverage legal age,Contributory retirement coverage 65+,Survivors benefit coverage legal age,Survivors benefit coverage 65+,Moratorium benefit coverage legal age,Moratorium benefit coverage 65+,PUAM coverage legal age,PUAM coverage 65+,Mean contributory retirement pension,Mean survivors benefit,Mean moratorium pension,Mean universal pension,Mean retirement pension,Mean pension benefit,Median pension benefit,Median pension to labour income ratio,Mean pension to labour income ratio,Mean family benefit,Mean child benefits,Mean contributory child benefits,Mean AUH benefits,Child benefit coverage,Contributory child benefit coverage,AUH coverage,"Gini, retirement age","Gini, retirement age, non labour income","Gini, 65+","Gini, 65+, non labour income","Gini, retirement age, has income","Gini, retirement age, (has) non labour income","Gini, 65+, has income","Gini, 65+, (has) non labour income"
128,0.46861393694089687,0.13843488258287387,0.39295118047622923,0.8300028083903082,0.9693651794145053,0.8550149880140583,0.9745333331261158,0.38895088371178316,0.4435618210248699,0.2089703115152942,0.22227723354801812,0.11490134132296786,0.13698049542607962,0.32615058335555713,0.38882286296355584,5993.5391290830357,4020.2162155482042,3109.0097574390088,2530.5706296823778,4233.4420844211581,5008.6274412723787,3220.9658264840641,0.5008115473790203,0.7589905382681227,465.56965471091934,455.04941914458192,394.9643918695819,673.81499673816813,0.7821120737846046,0.5729981327988344,0.2091139409857702,0.40679686424505296,0.411101519569183,0.34360953262064542,0.3323916069968425,0.36271157588481623,0.34536999194386075,0.33342861350214786,0.32074490197448396
period,Contributory pensioners share,Moratorium pensioners share,Universal pensioners share,Retirement coverage for legal age,Retirement coverage 65+,All coverage legal age,All coverage 65+,Contributory retirement coverage legal age,Contributory retirement coverage 65+,Survivors benefit coverage legal age,Survivors benefit coverage 65+,Moratorium benefit coverage legal age,Moratorium benefit coverage 65+,PUAM coverage legal age,PUAM coverage 65+,Mean contributory retirement pension,Mean survivors benefit,Mean moratorium pension,Mean universal pension,Mean retirement pension,Mean pension benefit,Median pension benefit,Median pension to labour income ratio,Mean pension to labour income ratio,Mean family benefit,Mean child benefits,Mean contributory child benefits,Mean AUH benefits,Child benefit coverage,Contributory child benefit coverage,AUH coverage,"Gini, retirement age","Gini, retirement age, non labour income","Gini, 65+","Gini, 65+, non labour income","Gini, retirement age, has income","Gini, retirement age, (has) non labour income","Gini, 65+, has income","Gini, 65+, (has) non labour income"
129,0.46343101446762724,0.1359381884053438,0.400630797127029,0.8287983811863276,0.9682448201290745,0.8538086672747587,0.9736206813999039,0.38409087458230706,0.4383279668128164,0.20991434493633734,0.22348018395842467,0.11266535049175094,0.13425289009911717,0.33204215611226967,0.395663963217141,6013.5079327511994,4026.7146325413873,3107.9601208855443,2530.7209065433631,4223.221284347751,5007.8369868087893,3212.5314771847529,0.5004068761931382,0.7578339503965077,569.99326416304018,559.81043530604632,498.52821061879035,791.0015870287674,0.7934488485147159,0.5903653033339509,0.20308354518076494,0.40655019675860793,0.41174001854655301,0.34554651973692713,0.33367504753375166,0.36200614767734723,0.34533147594332381,0.33504825699193957,0.3214398536922633
period,Contributory pensioners share,Moratorium pensioners share,Universal pensioners share,Retirement coverage for legal age,Retirement coverage 65+,All coverage legal age,All coverage 65+,Contributory retirement coverage legal age,Contributory retirement coverage 65+,Survivors benefit coverage legal age,Survivors benefit coverage 65+,Moratorium benefit coverage legal age,Moratorium benefit coverage 65+,PUAM coverage legal age,PUAM coverage 65+,Mean contributory retirement pension,Mean survivors benefit,Mean moratorium pension,Mean universal pension,Mean retirement pension,Mean pension benefit,Median pension benefit,Median pension to labour income ratio,Mean pension to labour income ratio,Mean family benefit,Mean child benefits,Mean contributory child benefits,Mean AUH benefits,Child benefit coverage,Contributory child benefit coverage,AUH coverage,"Gini, retirement age","Gini, retirement age, non labour income","Gini, 65+","Gini, 65+, non labour income","Gini, retirement age, has income","Gini, retirement age, (has) non labour income","Gini, 65+, has income","Gini, 65+, (has) non labour income"
130,0.46048139414173106,0.13353095041353505,0.4059876554447339,0.8293091928477754,0.9676481859500505,0.853111768560355,0.9730308169522455,0.38188145329709733,0.43578191174227277,0.20973320280905816,0.2244218333380388,0.11073844470764507,0.13163699697601802,0.336689294843033,0.4002292772317598,6034.2061222251759,4031.8213419593953,3107.2254820941694,2530.8429162495122,4221.0414013410591,5013.4346773924035,3246.5685688126864,0.504792387193375,0.7599166935939586,454.63053683214184,438.78409848765972,383.00332421201392,645.48473602492618,0.793525039105142,0.5987405072563077,0.1947845318488344,0.4083862836218819,0.41324164841003186,0.3455793751477988,0.33443499738600507,0.36266197784467413,0.34613950407415156,0.33399779533357016,0.32167837182647929
period,Contributory pensioners share,Moratorium pensioners share,Universal pensioners share,Retirement coverage for legal age,Retirement coverage 65+,All coverage legal age,All coverage 65+,Contributory retirement coverage legal age,Contributory retirement coverage 65+,Survivors benefit coverage legal age,Survivors benefit coverage 65+,Moratorium benefit coverage legal age,Moratorium benefit coverage 65+,PUAM coverage legal age,PUAM coverage 65+,Mean contributory retirement pension,Mean survivors benefit,Mean moratorium pension,Mean universal pension,Mean retirement pension,Mean pension benefit,Median pension benefit,Median pension to labour income ratio,Mean pension to labour income ratio,Mean family benefit,Mean child benefits,Mean contributory child benefits,Mean AUH benefits,Child benefit coverage,Contributory child benefit coverage,AUH coverage,"Gini, retirement age","Gini, retirement age, non labour income","Gini, 65+","Gini, 65+, non labour income","Gini, retirement age, has income","Gini, retirement age, (has) non labour income","Gini, 65+, has income","Gini, 65+, (has) non labour income"
131,0.4568025672846503,0.13130375484636064,0.41189367786898906,0.8276022568700929,0.9667434128048316,0.851285398229278,0.9721555417470648,0.3780508356288291,0.4316549476185804,0.20952176144600293,0.22472228581395604,0.10866728384636548,0.12934362429276908,0.3408841373948984,0.405744840893482,6054.5886725089404,4040.0265345246935,3109.7213200124593,2530.761604553225,4216.4744404071162,5014.7735866943913,3246.5685688126864,0.5126570502900737,0.7609795617034677,467.04432218358772,447.74562643274311,390.61974046398291,666.62519468289497,0.7868118987702982,0.5885208505877932,0.19829104818250495,0.41024382832020206,0.41426607769940049,0.34814906001646106,0.33457812875094473,0.36462652380393096,0.34646003197570763,0.33626741390304549,0.32151101568079699
period,Contributory pensioners share,Moratorium pensioners share,Universal pensioners share,Retirement coverage for legal age,Retirement coverage 65+,All coverage legal age,All coverage 65+,Contributory retirement coverage legal age,Contributory retirement coverage 65+,Survivors benefit coverage legal age,Survivors benefit coverage 65+,Moratorium benefit coverage legal age,Moratorium benefit coverage 65+,PUAM coverage legal age,PUAM coverage 65+,Mean contributory retirement pension,Mean survivors benefit,Mean moratorium pension,Mean universal pension,Mean retirement pension,Mean pension benefit,Median pension benefit,Median pension to labour income ratio,Mean pension to labour income ratio,Mean family benefit,Mean child benefits,Mean contributory child benefits,Mean AUH benefits,Child benefit coverage,Contributory child benefit coverage,AUH coverage,"Gini, retirement age","Gini, retirement age, non labour income","Gini, 65+","Gini, 65+, non labour income","Gini, retirement age, has income","Gini, retirement age, (has) non labour income","Gini, 65+, has income","Gini, 65+, (has) non labour income"
132,0.45256655228423265,0.12964069810751067,0.4177927496082567,0.8265095232179555,0.9659799652825336,0.849858994223153,0.9714484980473868,0.37405056535283504,0.4268042978113496,0.21021208973803637,0.22626458599193428,0.10714927158248155,0.1276851281652772,0.3453096862826389,0.4114905393059068,6076.4396273232915,4065.4323737580139,3100.9974985223052,2529.3904530123305,4208.7698050359613,5022.7903234430541,3246.5685688126864,0.5189920826074025,0.762925336961496,470.07644197931427,451.73134609190424,389.32822743900806,698.39016235366103,0.7901747440402338,0.5834730969947813,0.20670164704545238,0.40915069783269215,0.41556649301490928,0.34632264779882421,0.33594893605969062,0.36505352703914273,0.34859059064922909,0.33444733170605329,0.32264203436857264
period,Contributory pensioners share,Moratorium pensioners share,Universal pensioners share,Retirement coverage for legal age,Retirement coverage 65+,All coverage legal age,All coverage 65+,Contributory retirement coverage legal age,Contributory retirement coverage 65+,Survivors benefit coverage legal age,Survivors benefit coverage 65+,Moratorium benefit coverage legal age,Moratorium benefit coverage 65+,PUAM coverage legal age,PUAM coverage 65+,Mean contributory retirement pension,Mean survivors benefit,Mean moratorium pension,Mean universal pension,Mean retirement pension,Mean pension benefit,Median pension benefit,Median pension to labour income ratio,Mean pension to labour income ratio,Mean family benefit,Mean child benefits,Mean contributory child benefits,Mean AUH benefits,Child benefit coverage,Contributory child benefit coverage,AUH coverage,"Gini, retirement age","Gini, retirement age, non labour income","Gini, 65+","Gini, 65+, non labour income","Gini, retirement age, has income","Gini, retirement age, (has) non labour income","Gini, 65+, has income","Gini, 65+, (has) non labour income"
133,0.45052536222735934,0.12773908608466875,0.42173555168797194,0.8252601707389726,0.9641358474881555,0.8477982152059007,0.9698638157754326,0.37180063735398805,0.4246086624903016,0.21012515156544548,0.22705045419533257,0.10541797999227406,0.1254265525499591,0.34804155339271053,0.4141006324478948,6095.6152950810174,4059.3785050480633,3100.2217553675528,2529.4902092424181,4209.0247313896416,5026.9914962988378,3246.5685688126864,0.5122431651469497,0.7615293814326353,584.97514368593056,573.62832480502334,516.71402813522934,761.51748422023661,0.7982713875296047,0.5820389099035769,0.21623247762602774,0.41180422700878472,0.41638737629996603,0.35001598510598453,0.33726278550028349,0.36684479587828578,0.34855297033378368,0.33745057303649145,0.32298870102094596
period,Contributory pensioners share,Moratorium pensioners share,Universal pensioners share,Retirement coverage for legal age,Retirement coverage 65+,All coverage legal age,All coverage 65+,Contributory retirement coverage legal age,Contributory retirement coverage 65+,Survivors benefit coverage legal age,Survivors benefit coverage 65+,Moratorium benefit coverage legal age,Moratorium benefit coverage 65+,PUAM coverage legal age,PUAM coverage 65+,Mean contributory retirement pension,Mean survivors benefit,Mean moratorium pension,Mean universal pension,Mean retirement pension,Mean pension benefit,Median pension benefit,Median pension to labour income ratio,Mean pension to labour income ratio,Mean family benefit,Mean child benefits,Mean contributory child benefits,Mean AUH benefits,Child benefit coverage,Contributory child benefit coverage,AUH coverage,"Gini, retirement age","Gini, retirement age, non labour income","Gini, 65+","Gini, 65+, non labour income","Gini, retirement age, has income","Gini, retirement age, (has) non labour income","Gini, 65+, has income","Gini, 65+, (has) non labour income"
134,0.44992707012070404,0.12614842375272597,0.42392450612657,0.8215277915279895,0.9624927989775354,0.8439530768773839,0.9682183773316433,0.36962759226492087,0.4230434437873306,0.21010157556426368,0.22792619362923583,0.10363443597031394,0.12371211553093749,0.3482657632927547,0.4157372396592673,6119.1688166771373,4056.7837861328644,3099.4727289370876,2529.5442488102312,4216.5090928836771,5038.1457672652405,3246.5685688126864,0.5151075605410912,0.7622401708536227,467.3375381947518,452.77129187316274,394.8684973786452,659.20506370119381,0.7893507716453048,0.5815520414714764,0.20779873017382827,0.41205414460344286,0.41994061990138037,0.35047714978855377,0.33871960217523589,0.36726618932489241,0.3519125985968985,0.33720298847333058,0.323683807415592
period,Contributory pensioners share,Moratorium pensioners share,Universal pensioners share,Retirement coverage for legal age,Retirement coverage 65+,All coverage legal age,All coverage 65+,Contributory retirement coverage legal age,Contributory retirement coverage 65+,Survivors benefit coverage legal age,Survivors benefit coverage 65+,Moratorium benefit coverage legal age,Moratorium benefit coverage 65+,PUAM coverage legal age,PUAM coverage 65+,Mean contributory retirement pension,Mean survivors benefit,Mean moratorium pension,Mean universal pension,Mean retirement pension,Mean pension benefit,Median pension benefit,Median pension to labour income ratio,Mean pension to labour income ratio,Mean family benefit,Mean child benefits,Mean contributory child benefits,Mean AUH benefits,Child benefit coverage,Contributory child benefit coverage,AUH coverage,"Gini, retirement age","Gini, retirement age, non labour income","Gini, 65+","Gini, 65+, non labour income","Gini, retirement age, has income","Gini, retirement age, (has) non labour income","Gini, 65+, has income","Gini, 65+, (has) non labour income"
135,0.44715949409176775,0.12325588935525925,0.42958461655297303,0.8199934765052482,0.9606425555500345,0.843574054334145,0.9670577893524862,0.36666786811263663,0.4188389326767255,0.20910958935885252,0.2266887971831148,0.10106902521216525,0.12079521431491543,0.35225658318044634,0.4210084085583936,6128.8627309495214,4056.899773483914,3097.033054737537,2531.1105615407737,4209.6328816862624,5023.2547131036272,3246.5685688126864,0.505528749409936,0.7599891946689766,461.02859728722393,450.51550776232153,392.18559003314914,663.49062744613502,0.7967564916398128,0.5893381215633586,0.20741837007645414,0.41487048280200917,0.42052810067142604,0.34919402732844312,0.33932088067619975,0.36817002395806181,0.35157407469165614,0.33499335205074604,0.32346324869271931
period,Contributory pensioners share,Moratorium pensioners share,Universal pensioners share,Retirement coverage for legal age,Retirement coverage 65+,All coverage legal age,All coverage 65+,Contributory retirement coverage legal age,Contributory retirement coverage 65+,Survivors benefit coverage legal age,Survivors benefit coverage 65+,Moratorium benefit coverage legal age,Moratorium benefit coverage 65+,PUAM coverage legal age,PUAM coverage 65+,Mean contributory retirement pension,Mean survivors benefit,Mean moratorium pension,Mean universal pension,Mean retirement pension,Mean pension benefit,Median pension benefit,Median pension to labour income ratio,Mean pension to labour income ratio,Mean family benefit,Mean child benefits,Mean contributory child benefits,Mean AUH benefits,Child benefit coverage,Contributory child benefit coverage,AUH coverage,"Gini, retirement age","Gini, retirement age, non labour income","Gini, 65+","Gini, 65+, non labour income","Gini, retirement age, has income","Gini, retirement age, (has) non labour income","Gini, 65+, has income","Gini, 65+, (has) non labour income"
136,0.44175840171843,0.12097407647454049,0.43726752180702955,0.8219033377958456,0.9595872224648432,0.8474916030572291,0.9662490179138852,0.3630827048717356,0.4129369952764698,0.21117410223448674,0.22624345584339917,0.09942899724119471,0.11846216153056337,0.35939163568291527,0.42818806565781,6150.8654272831054,4063.2644875121487,3095.3738104127669,2531.1535437672992,4198.4477057961039,5013.9955478968104,3212.5314771847529,0.4995001334270338,0.7576765647049569,460.0821262801183,453.85266327044201,399.351175883145,686.16926851967639,0.7859075904394421,0.5950773719423,0.1908302184971421,0.41277686298991056,0.41872925401497113,0.35072502665718941,0.34077715707247924,0.3667984762999183,0.35122732105165594,0.33572147520300982,0.32429207028103252
period,Contributory pensioners share,Moratorium pensioners share,Universal pensioners share,Retirement coverage for legal age,Retirement coverage 65+,All coverage legal age,All coverage 65+,Contributory retirement coverage legal age,Contributory retirement coverage 65+,Survivors benefit coverage legal age,Survivors benefit coverage 65+,Moratorium benefit coverage legal age,Moratorium benefit coverage 65+,PUAM coverage legal age,PUAM coverage 65+,Mean contributory retirement pension,Mean survivors benefit,Mean moratorium pension,Mean universal pension,Mean retirement pension,Mean pension benefit,Median pension benefit,Median pension to labour income ratio,Mean pension to labour income ratio,Mean family benefit,Mean child benefits,Mean contributory child benefits,Mean AUH benefits,Child benefit coverage,Contributory child benefit coverage,AUH coverage,"Gini, retirement age","Gini, retirement age, non labour income","Gini, 65+","Gini, 65+, non labour income","Gini, retirement age, has income","Gini, retirement age, (has) non labour income","Gini, 65+, has income","Gini, 65+, (has) non labour income"
137,0.44080855206394143,0.11820226801655598,0.4409891799195026,0.8217131688303355,0.9589127511020608,0.8459239552922072,0.9658880536693725,0.3622181921639732,0.4107881679758501,0.2104651109497991,0.22696249250363149,0.09712836021481683,0.11586294661744508,0.36236661645154544,0.4322616365087656,6178.7471298298542,4071.0628124611285,3103.2660962998375,2531.1023430012583,4206.6464132435131,5027.5087077169965,3212.5314771847529,0.4995001334270338,0.7590558826143998,566.27361161655483,564.02679566453162,502.64378563198363,765.00853890813721,0.804997800982766,0.5899238465608415,0.21507395442192445,0.41576728412668246,0.41996072951155455,0.35406475577264751,0.34108099808993941,0.36983878504524603,0.35154030987239948,0.33919324247110366,0.32447059498605468
period,Contributory pensioners share,Moratorium pensioners share,Universal pensioners share,Retirement coverage for legal age,Retirement coverage 65+,All coverage legal age,All coverage 65+,Contributory retirement coverage legal age,Contributory retirement coverage 65+,Survivors benefit coverage legal age,Survivors benefit coverage 65+,Moratorium benefit coverage legal age,Moratorium benefit coverage 65+,PUAM coverage legal age,PUAM coverage 65+,Mean contributory retirement pension,Mean survivors benefit,Mean moratorium pension,Mean universal pension,Mean retirement pension,Mean pension benefit,Median pension benefit,Median pension to labour income ratio,Mean pension to labour income ratio,Mean family benefit,Mean child benefits,Mean contributory child benefits,Mean AUH benefits,Child benefit coverage,Contributory child benefit coverage,AUH coverage,"Gini, retirement age","Gini, retirement age, non labour income","Gini, 65+","Gini, 65+, non labour income","Gini, retirement age, has income","Gini, retirement age, (has) non labour income","Gini, 65+, has income","Gini, 65+, (has) non labour income"
138,0.4380375946472641,0.11689327693830537,0.4450691284144305,0.8201980051836675,0.9570466619590968,0.8435591461503151,0.9647395913937936,0.359277561325138,0.40675534191180385,0.20895645103505414,0.22678582206931322,0.09587563256418008,0.11446558534579858,0.36504481129434946,0.4358257347014943,6221.0644372065772,4083.723165154152,3105.5229363518515,2531.0856552427049,4214.5829413779802,5037.9804360911357,3212.5314771847529,0.4995001334270338,0.7629812557167897,457.89943222999142,446.9336003088398,385.07504377480683,663.49498224611534,0.8151207840539181,0.5970079285816196,0.21811285547229853,0.41574280431407135,0.42229969415687374,0.35300614433637523,0.34245398683453449,0.36986561308958993,0.35439074441381624,0.33748856757528561,0.32518646175861787
period,Contributory pensioners share,Moratorium pensioners share,Universal pensioners share,Retirement coverage for legal age,Retirement coverage 65+,All coverage legal age,All coverage 65+,Contributory retirement coverage legal age,Contributory retirement coverage 65+,Survivors benefit coverage legal age,Survivors benefit coverage 65+,Moratorium benefit coverage legal age,Moratorium benefit coverage 65+,PUAM coverage legal age,PUAM coverage 65+,Mean contributory retirement pension,Mean survivors benefit,Mean moratorium pension,Mean universal pension,Mean retirement pension,Mean pension benefit,Median pension benefit,Median pension to labour income ratio,Mean pension to labour income ratio,Mean family benefit,Mean child benefits,Mean contributory child benefits,Mean AUH benefits,Child benefit coverage,Contributory child benefit coverage,AUH coverage,"Gini, retirement age","Gini, retirement age, non labour income","Gini, 65+","Gini, 65+, non labour income","Gini, retirement age, has income","Gini, retirement age, (has) non labour income","Gini, 65+, has income","Gini, 65+, (has) non labour income"
139,0.4343735067245514,0.11469034146523555,0.45093615181021307,0.8188335536334939,0.9565565999269169,0.8423649452340921,0.9644170870193957,0.35567960211550675,0.403169468914441,0.209013359203189,0.22692863725203963,0.09391229986941767,0.11220860368607272,0.3692416516485694,0.4411785273264031,6242.3100007178173,4100.6944682567892,3101.3674495260566,2531.1128989247436,4208.5612873071623,5039.4173718148713,3212.5314771847529,0.5004068761931382,0.7647084570471409,452.20322063227854,442.16904218842944,384.76646608194505,676.91121533664318,0.8093355783295518,0.6124427045002733,0.1968928738292785,0.41645660772780829,0.42402142859303971,0.353752064125129,0.3432400376526446,0.37108127089273268,0.35618386966465704,0.33752043379158003,0.32558278628406023
period,Contributory pensioners share,Moratorium pensioners share,Universal pensioners share,Retirement coverage for legal age,Retirement coverage 65+,All coverage legal age,All coverage 65+,Contributory retirement coverage legal age,Contributory retirement coverage 65+,Survivors benefit coverage legal age,Survivors benefit coverage 65+,Moratorium benefit coverage legal age,Moratorium benefit coverage 65+,PUAM coverage legal age,PUAM coverage 65+,Mean contributory retirement pension,Mean survivors benefit,Mean moratorium pension,Mean universal pension,Mean retirement pension,Mean pension benefit,Median pension benefit,Median pension to labour income ratio,Mean pension to labour income ratio,Mean family benefit,Mean child benefits,Mean contributory child benefits,Mean AUH benefits,Child benefit coverage,Contributory child benefit coverage,AUH coverage,"Gini, retirement age","Gini, retirement age, non labour income","Gini, 65+","Gini, 65+, non labour income","Gini, retirement age, has income","Gini, retirement age, (has) non labour income","Gini, 65+, has income","Gini, 65+, (has) non labour income"
140,0.4306397423019639,0.11358177798466011,0.455778479713376,0.8181498042769132,0.9552118692008853,0.8413022194621356,0.9629536738537581,0.3523278208782121,0.39964021608467803,0.20814295820231274,0.2260367487388088,0.09292690942757348,0.11083108683058564,0.3728950739711276,0.4447405662856216,6256.2313364675583,4110.5770011732984,3100.9827892429798,2531.2000547785351,4200.0635020372838,5033.8773176313725,3212.5314771847529,0.5035075218088934,0.7648181131607901,469.44631048476253,443.49760755483146,386.95434737401894,687.42813121900656,0.7946918771513296,0.6053132717373685,0.18937860541396112,0.41761379102971052,0.4260496281495163,0.35355714826239543,0.34472438178552128,0.37209948899485662,0.35765298801986761,0.33673886525474356,0.32636001907335355
period,Contributory pensioners share,Moratorium pensioners share,Universal pensioners share,Retirement coverage for legal age,Retirement coverage 65+,All coverage legal age,All coverage 65+,Contributory retirement coverage legal age,Contributory retirement coverage 65+,Survivors benefit coverage legal age,Survivors benefit coverage 65+,Moratorium benefit coverage legal age,Moratorium benefit coverage 65+,PUAM coverage legal age,PUAM coverage 65+,Mean contributory retirement pension,Mean survivors benefit,Mean moratorium pension,Mean universal pension,Mean retirement pension,Mean pension benefit,Median pension benefit,Median pension to labour income ratio,Mean pension to labour income ratio,Mean family benefit,Mean child benefits,Mean contributory child benefits,Mean AUH benefits,Child benefit coverage,Contributory child benefit coverage,AUH coverage,"Gini, retirement age","Gini, retirement age, non labour income","Gini, 65+","Gini, 65+, non labour income","Gini, retirement age, has income","Gini, retirement age, (has) non labour income","Gini, 65+, has income","Gini, 65+, (has) non labour income"
141,0.4276574625443082,0.1113471788459423,0.46099535860974955,0.8179959423298391,0.9546747389420331,0.8411604510766358,0.9623747690615468,0.34982206906831925,0.39647108229793665,0.2066930262958596,0.2244133093441952,0.09108154048585568,0.10859651051818053,0.3770923327756641,0.44960714612591596,6262.9379077957165,4112.0244792109288,3098.7858694239808,2530.8527996087751,4190.144592072641,5019.7125483583277,3212.5314771847529,0.5033146493179474,0.7612638177113225,570.58359423026673,549.69364088628333,481.99223038723591,776.23513649394715,0.8081120698404701,0.5923427250497868,0.2157693447906833,0.41664999899664634,0.42460167466729593,0.35661101600299544,0.34487706593797796,0.37092866007967445,0.35579100638767724,0.33939258871102046,0.32630473432942697
period,Contributory pensioners share,Moratorium pensioners share,Universal pensioners share,Retirement coverage for legal age,Retirement coverage 65+,All coverage legal age,All coverage 65+,Contributory retirement coverage legal age,Contributory retirement coverage 65+,Survivors benefit coverage legal age,Survivors benefit coverage 65+,Moratorium benefit coverage legal age,Moratorium benefit coverage 65+,PUAM coverage legal age,PUAM coverage 65+,Mean contributory retirement pension,Mean survivors benefit,Mean moratorium pension,Mean universal pension,Mean retirement pension,Mean pension benefit,Median pension benefit,Median pension to labour income ratio,Mean pension to labour income ratio,Mean family benefit,Mean child benefits,Mean contributory child benefits,Mean AUH benefits,Child benefit coverage,Contributory child benefit coverage,AUH coverage,"Gini, retirement age","Gini, retirement age, non labour income","Gini, 65+","Gini, 65+, non labour income","Gini, retirement age, has income","Gini, retirement age, (has) non labour income","Gini, 65+, has income","Gini, 65+, (has) non labour income"
142,0.4255770708776261,0.10928092883301262,0.4651420002893613,0.8178673556229548,0.9536621692693831,0.8418118241684056,0.961991567940248,0.3480655935724469,0.39402993222331717,0.2071230984975735,0.224111584447498,0.08937730428467634,0.10646707777269451,0.38042445776583156,0.45316515927337137,6280.6924096611556,4119.2692411217995,3101.7790665003658,2528.6760098300424,4188.0773935049547,5018.4176865376448,3212.5314771847529,0.4995001334270338,0.7599218388451819,464.12736214998114,434.95905213399794,374.15602123623205,671.99603136091912,0.8005412745773085,0.6018076275724887,0.19873364700481982,0.4192706137190893,0.42501737599484329,0.35740379404557765,0.34542393931541121,0.37332340507213368,0.35650801156306494,0.33981917174096732,0.32674688175867361
period,Contributory pensioners share,Moratorium pensioners share,Universal pensioners share,Retirement coverage for legal age,Retirement coverage 65+,All coverage legal age,All coverage 65+,Contributory retirement coverage legal age,Contributory retirement coverage 65+,Survivors benefit coverage legal age,Survivors benefit coverage 65+,Moratorium benefit coverage legal age,Moratorium benefit coverage 65+,PUAM coverage legal age,PUAM coverage 65+,Mean contributory retirement pension,Mean survivors benefit,Mean moratorium pension,Mean universal pension,Mean retirement pension,Mean pension benefit,Median pension benefit,Median pension to labour income ratio,Mean pension to labour income ratio,Mean family benefit,Mean child benefits,Mean contributory child benefits,Mean AUH benefits,Child benefit coverage,Contributory child benefit coverage,AUH coverage,"Gini, retirement age","Gini, retirement age, non labour income","Gini, 65+","Gini, 65+, non labour income","Gini, retirement age, has income","Gini, retirement age, (has) non labour income","Gini, 65+, has income","Gini, 65+, (has) non labour income"
143,0.4224040544948943,0.10779252960400343,0.46980341590110225,0.8148695189716187,0.9518054864198553,0.8388074851376707,0.9602285474119447,0.34420418869791597,0.3901006061358424,0.20558752538242975,0.22273271076719733,0.08783684674714826,0.10482689570090213,0.3828284835265545,0.4568779845831107,6300.0393069364827,4129.205758413178,3099.7528546177809,2530.8405210610831,4184.2898699690786,5014.1338460928746,3212.5314771847529,0.5033146493179474,0.761879766864224,450.47099643590212,435.26484382189415,374.40379524366409,646.37901829457917,0.8025256002880624,0.5956889790647426,0.2068366212233198,0.41841948201085394,0.42746053869516015,0.35651251793423294,0.34694243451297119,0.37081774883289448,0.35684584012454329,0.33833342984506931,0.32745312054344311
period,Contributory pensioners share,Moratorium pensioners share,Universal pensioners share,Retirement coverage for legal age,Retirement coverage 65+,All coverage legal age,All coverage 65+,Contributory retirement coverage legal age,Contributory retirement coverage 65+,Survivors benefit coverage legal age,Survivors benefit coverage 65+,Moratorium benefit coverage legal age,Moratorium benefit coverage 65+,PUAM coverage legal age,PUAM coverage 65+,Mean contributory retirement pension,Mean survivors benefit,Mean moratorium pension,Mean universal pension,Mean retirement pension,Mean pension benefit,Median pension benefit,Median pension to labour income ratio,Mean pension to labour income ratio,Mean family benefit,Mean child benefits,Mean contributory child benefits,Mean AUH benefits,Child benefit coverage,Contributory child benefit coverage,AUH coverage,"Gini, retirement age","Gini, retirement age, non labour income","Gini, 65+","Gini, 65+, non labour income","Gini, retirement age, has income","Gini, retirement age, (has) non labour income","Gini, 65+, has income","Gini, 65+, (has) non labour income"
144,0.41882629647245373,0.10603786838660238,0.4751358351409439,0.8155479314233924,0.9512319572624693,0.8398404117707733,0.9606194685808848,0.34157291971383014,0.38658046373524324,0.20385933645250146,0.22102269121952842,0.08647896421523951,0.1030233136694227,0.38749604749432276,0.4616281798578034,6323.0127417283011,4134.2947389875844,3099.0043267150231,2529.6331532666291,4178.775182969478,5000.9053758339405,3212.5314771847529,0.5033146493179474,0.7595201922679469,458.63316215830417,437.7302706990651,380.65680373599702,635.46668442222267,0.8051978756794651,0.6020801772170282,0.20311769846243688,0.41792198656475088,0.42661897662696258,0.35735053568804742,0.34700814129438368,0.37174822106256261,0.3574360927544275,0.33963889516485052,0.32762456962204262
period,Contributory pensioners share,Moratorium pensioners share,Universal pensioners share,Retirement coverage for legal age,Retirement coverage 65+,All coverage legal age,All coverage 65+,Contributory retirement coverage legal age,Contributory retirement coverage 65+,Survivors benefit coverage legal age,Survivors benefit coverage 65+,Moratorium benefit coverage legal age,Moratorium benefit coverage 65+,PUAM coverage legal age,PUAM coverage 65+,Mean contributory retirement pension,Mean survivors benefit,Mean moratorium pension,Mean universal pension,Mean retirement pension,Mean pension benefit,Median pension benefit,Median pension to labour income ratio,Mean pension to labour income ratio,Mean family benefit,Mean child benefits,Mean contributory child benefits,Mean AUH benefits,Child benefit coverage,Contributory child benefit coverage,AUH coverage,"Gini, retirement age","Gini, retirement age, non labour income","Gini, 65+","Gini, 65+, non labour income","Gini, retirement age, has income","Gini, retirement age, (has) non labour income","Gini, 65+, has income","Gini, 65+, (has) non labour income"
145,0.41569427127845726,0.10438496267474368,0.47992076604679906,0.8141574739610171,0.9503213621815101,0.8383058815129453,0.9596735465151865,0.33844059784413455,0.3833948055862655,0.20209251509328097,0.21929007926338454,0.08498579753078436,0.10128021092484919,0.39073107858609823,0.4656463456703954,6333.2278714088916,4150.1092661200964,3098.0374145821902,2528.7227152627929,4169.6616073607156,4992.3946239503521,3212.5314771847529,0.5012419778440221,0.7593630474171689,556.94901675237236,556.06744798002694,493.13873180706423,785.1477856217133,0.8202181934721368,0.6125914849841282,0.2076267084880086,0.42026896194233054,0.42648639514531267,0.36021144287653761,0.34793029367575429,0.37461666194800181,0.35719128572605641,0.34217467130281154,0.32824005734573491
period,Contributory pensioners share,Moratorium pensioners share,Universal pensioners share,Retirement coverage for legal age,Retirement coverage 65+,All coverage legal age,All coverage 65+,Contributory retirement coverage legal age,Contributory retirement coverage 65+,Survivors benefit coverage legal age,Survivors benefit coverage 65+,Moratorium benefit coverage legal age,Moratorium benefit coverage 65+,PUAM coverage legal age,PUAM coverage 65+,Mean contributory retirement pension,Mean survivors benefit,Mean moratorium pension,Mean universal pension,Mean retirement pension,Mean pension benefit,Median pension benefit,Median pension to labour income ratio,Mean pension to labour income ratio,Mean family benefit,Mean child benefits,Mean contributory child benefits,Mean AUH benefits,Child benefit coverage,Contributory child benefit coverage,AUH coverage,"Gini, retirement age","Gini, retirement age, non labour income","Gini, 65+","Gini, 65+, non labour income","Gini, retirement age, has income","Gini, retirement age, (has) non labour income","Gini, 65+, has income","Gini, 65+, (has) non labour income"
146,0.41425314403357144,0.1029296900693266,0.48281716589710194,0.8133259330092348,0.9490819413604313,0.8371202597246277,0.9587075818977315,0.3369228248731134,0.3813669736358214,0.20163799041078487,0.2189640478331601,0.08371538620998642,0.09976105732432812,0.39268772192613494,0.4679539104002818,6368.752464238124,4138.1982867977067,3097.4645544270147,2528.6054758253304,4177.950927979974,4998.2868224947497,3212.5314771847529,0.5004068761931382,0.7602225307667669,462.06547974025949,440.00977439187898,376.59870582058704,706.51576208898393,0.8051456490127986,0.6041343274882506,0.20101132152454812,0.42051162565928946,0.42809501917436082,0.36110426690061576,0.34834412511771085,0.37356729230447894,0.35859844939372287,0.34245272237342606,0.32796365837741176
period,Contributory pensioners share,Moratorium pensioners share,Universal pensioners share,Retirement coverage for legal age,Retirement coverage 65+,All coverage legal age,All coverage 65+,Contributory retirement coverage legal age,Contributory retirement coverage 65+,Survivors benefit coverage legal age,Survivors benefit coverage 65+,Moratorium benefit coverage legal age,Moratorium benefit coverage 65+,PUAM coverage legal age,PUAM coverage 65+,Mean contributory retirement pension,Mean survivors benefit,Mean moratorium pension,Mean universal pension,Mean retirement pension,Mean pension benefit,Median pension benefit,Median pension to labour income ratio,Mean pension to labour income ratio,Mean family benefit,Mean child benefits,Mean contributory child benefits,Mean AUH benefits,Child benefit coverage,Contributory child benefit coverage,AUH coverage,"Gini, retirement age","Gini, retirement age, non labour income","Gini, 65+","Gini, 65+, non labour income","Gini, retirement age, has income","Gini, retirement age, (has) non labour income","Gini, 65+, has income","Gini, 65+, (has) non labour income"
147,0.41104256673248585,0.10040138352950202,0.4885560497380121,0.8145469322764787,0.9485538040511341,0.8380259931073971,0.9582139395102898,0.3348134617669961,0.3784730863214378,0.2001213310851071,0.21734001227712166,0.08178163895027005,0.09718341182316836,0.3979518315592125,0.47289730590652795,6381.5198301249247,4145.8942869521316,3096.1575980798993,2527.2334950873624,4168.6300102268797,4987.075891653164,3212.5314771847529,0.4995001334270338,0.759017460056267,453.09793120576569,434.79835192346093,377.57401029297995,657.16604030563201,0.8038323293091785,0.6093887482525989,0.19444358105657952,0.4193826406029566,0.42814011633004617,0.35955891940727475,0.34913805002989301,0.37223964108078011,0.35826261563282802,0.34045104519448449,0.32850955791117253
period,Contributory pensioners share,Moratorium pensioners share,Universal pensioners share,Retirement coverage for legal age,Retirement coverage 65+,All coverage legal age,All coverage 65+,Contributory retirement coverage legal age,Contributory retirement coverage 65+,Survivors benefit coverage legal age,Survivors benefit coverage 65+,Moratorium benefit coverage legal age,Moratorium benefit coverage 65+,PUAM coverage legal age,PUAM coverage 65+,Mean contributory retirement pension,Mean survivors benefit,Mean moratorium pension,Mean universal pension,Mean retirement pension,Mean pension benefit,Median pension benefit,Median pension to labour income ratio,Mean pension to labour income ratio,Mean family benefit,Mean child benefits,Mean contributory child benefits,Mean AUH benefits,Child benefit coverage,Contributory child benefit coverage,AUH coverage,"Gini, retirement age","Gini, retirement age, non labour income","Gini, 65+","Gini, 65+, non labour income","Gini, retirement age, has income","Gini, retirement age, (has) non labour income","Gini, 65+, has income","Gini, 65+, (has) non labour income"
148,0.4066059798835655,0.09869146153686896,0.4947025585795655,0.8126007665307416,0.9474721899467182,0.8362292242607953,0.9578972540799662,0.3304083309293686,0.37348600181179126,0.20070095157417217,0.21942759333728887,0.08019675729489893,0.09546361083634938,0.4019956783064741,0.4785225772985776,6394.9044063409192,4142.8921666927899,3093.4126088451148,2528.0010625551595,4156.1083776433807,4979.1890424856474,3212.5314771847529,0.4995001334270338,0.7587273528765626,451.62602494065607,436.34484463222884,376.93570210168826,668.61759211533615,0.7903586900577236,0.595544128270759,0.19481456178696474,0.4191075956359292,0.42948285880611187,0.35962270637341359,0.34979147866575172,0.37274601332352392,0.3598375833242734,0.33994281622132189,0.32890727848570089
period,Contributory pensioners share,Moratorium pensioners share,Universal pensioners share,Retirement coverage for legal age,Retirement coverage 65+,All coverage legal age,All coverage 65+,Contributory retirement coverage legal age,Contributory retirement coverage 65+,Survivors benefit coverage legal age,Survivors benefit coverage 65+,Moratorium benefit coverage legal age,Moratorium benefit coverage 65+,PUAM coverage legal age,PUAM coverage 65+,Mean contributory retirement pension,Mean survivors benefit,Mean moratorium pension,Mean universal pension,Mean retirement pension,Mean pension benefit,Median pension benefit,Median pension to labour income ratio,Mean pension to labour income ratio,Mean family benefit,Mean child benefits,Mean contributory child benefits,Mean AUH benefits,Child benefit coverage,Contributory child benefit coverage,AUH coverage,"Gini, retirement age","Gini, retirement age, non labour income","Gini, 65+","Gini, 65+, non labour income","Gini, retirement age, has income","Gini, retirement age, (has) non labour income","Gini, 65+, has income","Gini, 65+, (has) non labour income"
149,0.4024962905654782,0.0969117129366718,0.50059199649785,0.8139143676154703,0.9470306221356812,0.837448643458266,0.9573008399272287,0.3275975138031738,0.3696247113749276,0.20101223821750971,0.21937143093312164,0.07887783554938323,0.09365196397615982,0.4074390182629133,0.4837539467845939,6422.8169795265649,4150.2361656665671,3086.8025614542566,2527.5324749524357,4149.5698608178418,4977.5017334251797,3212.5314771847529,0.5004068761931382,0.7582749236586159,559.30990621951219,549.36893014366683,485.55536521975347,788.93292772680354,0.7975450250996489,0.5987811354114558,0.19876388968819309,0.4202071024156584,0.42840220406117246,0.36203377087426186,0.35072357533325099,0.37575412763991617,0.35979934278856107,0.3419739180694143,0.32918258021777763
period,Contributory pensioners share,Moratorium pensioners share,Universal pensioners share,Retirement coverage for legal age,Retirement coverage 65+,All coverage legal age,All coverage 65+,Contributory retirement coverage legal age,Contributory retirement coverage 65+,Survivors benefit coverage legal age,Survivors benefit coverage 65+,Moratorium benefit coverage legal age,Moratorium benefit coverage 65+,PUAM coverage legal age,PUAM coverage 65+,Mean contributory retirement pension,Mean survivors benefit,Mean moratorium pension,Mean universal pension,Mean retirement pension,Mean pension benefit,Median pension benefit,Median pension to labour income ratio,Mean pension to labour income ratio,Mean family benefit,Mean child benefits,Mean contributory child benefits,Mean AUH benefits,Child benefit coverage,Contributory child benefit coverage,AUH coverage,"Gini, retirement age","Gini, retirement age, non labour income","Gini, 65+","Gini, 65+, non labour income","Gini, retirement age, has income","Gini, retirement age, (has) non labour income","Gini, 65+, has income","Gini, 65+, (has) non labour income"
150,0.4003401933091834,0.0948039770638682,0.5048558296269484,0.8125492098353079,0.9457531479296263,0.8363132350464123,0.9569321465165178,0.3252961077386914,0.36588066760873894,0.1999367045634084,0.2191485414876001,0.07703289665249075,0.09167567462572052,0.4102202054441257,0.48819680569516677,6441.4204279571723,4153.7730923755662,3074.6795259855758,2527.0027602725445,4146.0234215813634,4971.9968310924514,3212.5314771847529,0.4995001334270338,0.7563174781393218,462.06476614255524,438.16406489557488,376.0140775101479,716.50600768042921,0.8006324752778972,0.6076967624515808,0.19293571282631647,0.42005253439128293,0.42985819097124789,0.36156826813042059,0.3508164723829334,0.374781627819254,0.36012413010949978,0.34147373384298751,0.32905902111720686
period,Contributory pensioners share,Moratorium pensioners share,Universal pensioners share,Retirement coverage for legal age,Retirement coverage 65+,All coverage legal age,All coverage 65+,Contributory retirement coverage legal age,Contributory retirement coverage 65+,Survivors benefit coverage legal age,Survivors benefit coverage 65+,Moratorium benefit coverage legal age,Moratorium benefit coverage 65+,PUAM coverage legal age,PUAM coverage 65+,Mean contributory retirement pension,Mean survivors benefit,Mean moratorium pension,Mean universal pension,Mean retirement pension,Mean pension benefit,Median pension benefit,Median pension to labour income ratio,Mean pension to labour income ratio,Mean family benefit,Mean child benefits,Mean contributory child benefits,Mean AUH benefits,Child benefit coverage,Contributory child benefit coverage,AUH coverage,"Gini, retirement age","Gini, retirement age, non labour income","Gini, 65+","Gini, 65+, non labour income","Gini, retirement age, has income","Gini, retirement age, (has) non labour income","Gini, 65+, has income","Gini, 65+, (has) non labour income"
151,0.3994396710942239,0.09286712440615792,0.5076932044996182,0.8113655948616812,0.9435891386406291,0.8363661068341992,0.9555292896088985,0.32409160634871925,0.36476134081694,0.20133782482218301,0.2198193300162815,0.07534918963689609,0.0895065333539016,0.4119247988760659,0.4893212644697875,6413.2454483172887,4160.6590617326865,3072.9363303046302,2526.5414417641146,4129.7873338712971,4961.4924523359186,3212.5314771847529,0.4995001334270338,0.7542286272666479,454.95739162947149,433.05290178939003,370.12944519908615,671.66256241158658,0.8119079754495235,0.6066055470654779,0.2053024283840457,0.42047286564264763,0.42900876062518434,0.36298261319093994,0.35147682504284217,0.37589316865916927,0.36044534734735889,0.34247551286087852,0.32929171495421622
period,Contributory pensioners share,Moratorium pensioners share,Universal pensioners share,Retirement coverage for legal age,Retirement coverage 65+,All coverage legal age,All coverage 65+,Contributory retirement coverage legal age,Contributory retirement coverage 65+,Survivors benefit coverage legal age,Survivors benefit coverage 65+,Moratorium benefit coverage legal age,Moratorium benefit coverage 65+,PUAM coverage legal age,PUAM coverage 65+,Mean contributory retirement pension,Mean survivors benefit,Mean moratorium pension,Mean universal pension,Mean retirement pension,Mean pension benefit,Median pension benefit,Median pension to labour income ratio,Mean pension to labour income ratio,Mean family benefit,Mean child benefits,Mean contributory child benefits,Mean AUH benefits,Child benefit coverage,Contributory child benefit coverage,AUH coverage,"Gini, retirement age","Gini, retirement age, non labour income","Gini, 65+","Gini, 65+, non labour income","Gini, retirement age, has income","Gini, retirement age, (has) non labour income","Gini, 65+, has income","Gini, 65+, (has) non labour income"
152,0.3974511300971711,0.08948303806582186,0.513065831837007,0.8118982753997591,0.9433546722849716,0.8365117207847178,0.9551309372779327,0.3226898870815785,0.3631272216331389,0.20147306734843826,0.21976263378800148,0.07265112428317176,0.08616813946043211,0.41655726403500887,0.4940593111914007,6418.4467755492342,4168.36319580484,3080.7950413900385,2524.5047861326589,4121.9349724459453,4960.0060999137031,3212.5314771847529,0.5004068761931382,0.7573184233800861,441.36492344762343,422.00234542530097,357.69128055716351,659.95603329382288,0.7828853039017231,0.5872663721147999,0.19561893178692322,0.41902276862807691,0.42978772439717317,0.36215858481791907,0.3518996730946326,0.37531831362106521,0.361440271183818,0.34124581793983771,0.32942351306893281
